t x y z v a
0.000 -1.000 1.000 -3.000 5.916 6.646
0.010 -0.950 0.990 -3.031 5.919 6.646
0.020 -0.901 0.980 -3.062 5.922 6.492
0.030 -0.852 0.970 -3.093 5.924 6.329
0.040 -0.803 0.959 -3.126 5.927 6.156
0.050 -0.755 0.949 -3.158 5.930 5.975
0.060 -0.707 0.938 -3.191 5.933 5.786
0.070 -0.659 0.928 -3.225 5.935 5.592
0.080 -0.612 0.917 -3.259 5.937 5.393
0.090 -0.564 0.907 -3.294 5.938 5.191
0.100 -0.518 0.896 -3.328 5.938 4.987
0.110 -0.471 0.885 -3.364 5.937 4.784
0.120 -0.425 0.874 -3.399 5.935 4.584
0.130 -0.379 0.863 -3.435 5.932 4.388
0.140 -0.333 0.852 -3.471 5.928 4.201
0.150 -0.288 0.841 -3.508 5.923 4.024
0.160 -0.243 0.829 -3.544 5.915 3.861
0.170 -0.198 0.818 -3.581 5.907 3.716
0.180 -0.154 0.806 -3.618 5.896 3.592
0.190 -0.109 0.794 -3.655 5.884 3.493
0.200 -0.066 0.782 -3.692 5.870 3.421
0.210 -0.022 0.770 -3.729 5.853 3.380
0.220 0.021 0.758 -3.767 5.835 3.371
0.230 0.064 0.746 -3.804 5.815 3.395
0.240 0.107 0.734 -3.841 5.792 3.452
0.250 0.149 0.721 -3.879 5.767 3.539
0.260 0.191 0.709 -3.916 5.740 3.655
0.270 0.232 0.696 -3.953 5.711 3.796
0.280 0.274 0.683 -3.989 5.679 3.959
0.290 0.315 0.670 -4.026 5.645 4.142
0.300 0.355 0.657 -4.063 5.609 4.340
0.310 0.395 0.644 -4.099 5.570 4.552
0.320 0.435 0.630 -4.135 5.529 4.774
0.330 0.475 0.617 -4.170 5.486 5.004
0.340 0.514 0.603 -4.206 5.440 5.241
0.350 0.552 0.589 -4.241 5.392 5.483
0.360 0.591 0.575 -4.275 5.341 5.727
0.370 0.628 0.561 -4.309 5.288 5.974
0.380 0.666 0.547 -4.343 5.233 6.222
0.390 0.703 0.533 -4.376 5.176 6.470
0.400 0.739 0.518 -4.409 5.116 6.717
0.410 0.776 0.504 -4.441 5.055 6.962
0.420 0.811 0.489 -4.473 4.991 7.205
0.430 0.846 0.474 -4.504 4.925 7.446
0.440 0.881 0.460 -4.535 4.857 7.683
0.450 0.915 0.445 -4.564 4.787 7.918
0.460 0.949 0.429 -4.594 4.716 8.148
0.470 0.983 0.414 -4.622 4.642 8.374
0.480 1.015 0.399 -4.650 4.567 8.596
0.490 1.048 0.384 -4.677 4.490 8.813
0.500 1.079 0.368 -4.704 4.411 9.025
0.510 1.110 0.352 -4.729 4.331 9.232
0.520 1.141 0.337 -4.754 4.250 9.434
0.530 1.171 0.321 -4.779 4.167 9.630
0.540 1.201 0.305 -4.802 4.083 9.822
0.550 1.230 0.289 -4.825 3.998 10.007
0.560 1.258 0.273 -4.846 3.911 10.187
0.570 1.286 0.257 -4.867 3.824 10.361
0.580 1.313 0.241 -4.887 3.736 10.530
0.590 1.339 0.225 -4.906 3.647 10.692
0.600 1.365 0.209 -4.924 3.558 10.849
0.610 1.391 0.193 -4.942 3.469 10.999
0.620 1.415 0.177 -4.958 3.379 11.144
0.630 1.440 0.161 -4.974 3.289 11.282
0.640 1.463 0.144 -4.988 3.199 11.415
0.650 1.486 0.128 -5.002 3.110 11.541
0.660 1.508 0.112 -5.014 3.021 11.661
0.670 1.529 0.096 -5.026 2.933 11.775
0.680 1.550 0.079 -5.036 2.846 11.883
0.690 1.570 0.063 -5.046 2.760 11.984
0.700 1.590 0.047 -5.055 2.676 12.080
0.710 1.609 0.031 -5.062 2.593 12.169
0.720 1.627 0.015 -5.069 2.513 12.252
0.730 1.644 -0.002 -5.075 2.436 12.328
0.740 1.661 -0.018 -5.079 2.362 12.398
0.750 1.677 -0.034 -5.083 2.291 12.462
0.760 1.692 -0.050 -5.085 2.224 12.520
0.770 1.706 -0.066 -5.087 2.162 12.571
0.780 1.720 -0.081 -5.087 2.105 12.616
0.790 1.733 -0.097 -5.087 2.053 12.655
0.800 1.746 -0.113 -5.085 2.007 12.686
0.810 1.758 -0.128 -5.082 1.968 12.705
0.820 1.769 -0.144 -5.079 1.936 12.712
0.830 1.779 -0.159 -5.074 1.911 12.707
0.840 1.788 -0.175 -5.068 1.894 12.689
0.850 1.797 -0.190 -5.061 1.884 12.659
0.860 1.805 -0.205 -5.053 1.882 12.618
0.870 1.813 -0.220 -5.045 1.888 12.564
0.880 1.819 -0.235 -5.035 1.901 12.498
0.890 1.825 -0.249 -5.024 1.922 12.421
0.900 1.830 -0.264 -5.012 1.949 12.333
0.910 1.835 -0.278 -4.999 1.982 12.234
0.920 1.838 -0.293 -4.985 2.021 12.124
0.930 1.841 -0.307 -4.971 2.064 12.003
0.940 1.844 -0.321 -4.955 2.113 11.873
0.950 1.845 -0.335 -4.938 2.165 11.733
0.960 1.846 -0.348 -4.921 2.220 11.584
0.970 1.846 -0.362 -4.903 2.278 11.426
0.980 1.846 -0.375 -4.883 2.339 11.260
0.990 1.844 -0.388 -4.863 2.401 11.085
1.000 1.842 -0.401 -4.842 2.465 10.901
1.010 1.839 -0.414 -4.821 2.529 10.707
1.020 1.836 -0.427 -4.798 2.594 10.505
1.030 1.832 -0.439 -4.775 2.659 10.295
1.040 1.827 -0.451 -4.751 2.725 10.077
1.050 1.822 -0.463 -4.727 2.789 9.853
1.060 1.816 -0.475 -4.702 2.853 9.621
1.070 1.809 -0.487 -4.676 2.917 9.384
1.080 1.801 -0.498 -4.649 2.979 9.142
1.090 1.793 -0.510 -4.622 3.039 8.895
1.100 1.785 -0.521 -4.595 3.099 8.645
1.110 1.775 -0.532 -4.566 3.156 8.391
1.120 1.765 -0.542 -4.538 3.212 8.134
1.130 1.755 -0.553 -4.509 3.266 7.876
1.140 1.744 -0.563 -4.479 3.317 7.616
1.150 1.732 -0.573 -4.449 3.367 7.357
1.160 1.720 -0.583 -4.419 3.414 7.098
1.170 1.707 -0.592 -4.388 3.459 6.840
1.180 1.694 -0.602 -4.357 3.501 6.585
1.190 1.680 -0.611 -4.326 3.541 6.334
1.200 1.665 -0.620 -4.294 3.579 6.087
1.210 1.650 -0.628 -4.263 3.613 5.846
1.220 1.635 -0.637 -4.231 3.646 5.612
1.230 1.619 -0.645 -4.199 3.675 5.387
1.240 1.603 -0.653 -4.166 3.702 5.171
1.250 1.586 -0.661 -4.134 3.726 4.968
1.260 1.569 -0.669 -4.102 3.747 4.777
1.270 1.551 -0.676 -4.069 3.766 4.601
1.280 1.533 -0.684 -4.037 3.781 4.442
1.290 1.515 -0.691 -4.004 3.794 4.301
1.300 1.496 -0.698 -3.972 3.805 4.180
1.310 1.477 -0.704 -3.940 3.812 4.080
1.320 1.458 -0.711 -3.907 3.817 4.004
1.330 1.438 -0.717 -3.875 3.819 3.951
1.340 1.418 -0.723 -3.843 3.819 3.921
1.350 1.398 -0.729 -3.812 3.815 3.916
1.360 1.377 -0.735 -3.780 3.810 3.933
1.370 1.357 -0.741 -3.749 3.801 3.973
1.380 1.336 -0.746 -3.718 3.790 4.033
1.390 1.314 -0.751 -3.687 3.777 4.112
1.400 1.293 -0.756 -3.656 3.761 4.207
1.410 1.271 -0.761 -3.626 3.743 4.318
1.420 1.249 -0.766 -3.597 3.723 4.441
1.430 1.227 -0.770 -3.567 3.700 4.575
1.440 1.205 -0.775 -3.538 3.675 4.719
1.450 1.182 -0.779 -3.510 3.648 4.869
1.460 1.160 -0.783 -3.482 3.619 5.026
1.470 1.137 -0.787 -3.454 3.588 5.187
1.480 1.114 -0.791 -3.427 3.556 5.351
1.490 1.091 -0.794 -3.401 3.521 5.518
1.500 1.068 -0.798 -3.375 3.484 5.685
1.510 1.045 -0.801 -3.349 3.447 5.854
1.520 1.022 -0.805 -3.325 3.407 6.021
1.530 0.999 -0.808 -3.300 3.366 6.188
1.540 0.976 -0.811 -3.277 3.324 6.353
1.550 0.953 -0.814 -3.254 3.280 6.516
1.560 0.929 -0.817 -3.232 3.236 6.677
1.570 0.906 -0.819 -3.210 3.190 6.834
1.580 0.883 -0.822 -3.189 3.144 6.988
1.590 0.859 -0.824 -3.169 3.097 7.139
1.600 0.836 -0.827 -3.149 3.049 7.285
1.610 0.813 -0.829 -3.131 3.001 7.427
1.620 0.789 -0.832 -3.113 2.953 7.565
1.630 0.766 -0.834 -3.095 2.904 7.699
1.640 0.743 -0.836 -3.079 2.856 7.827
1.650 0.720 -0.838 -3.063 2.808 7.951
1.660 0.697 -0.840 -3.048 2.760 8.069
1.670 0.673 -0.842 -3.034 2.713 8.182
1.680 0.650 -0.844 -3.021 2.667 8.290
1.690 0.627 -0.846 -3.009 2.622 8.393
1.700 0.604 -0.848 -2.997 2.577 8.490
1.710 0.581 -0.850 -2.987 2.535 8.581
1.720 0.559 -0.851 -2.977 2.494 8.667
1.730 0.536 -0.853 -2.968 2.455 8.746
1.740 0.513 -0.855 -2.960 2.418 8.820
1.750 0.490 -0.857 -2.953 2.383 8.889
1.760 0.468 -0.858 -2.946 2.351 8.951
1.770 0.445 -0.860 -2.941 2.321 9.007
1.780 0.423 -0.861 -2.937 2.295 9.057
1.790 0.400 -0.863 -2.933 2.271 9.102
1.800 0.378 -0.864 -2.930 2.251 9.140
1.810 0.356 -0.866 -2.929 2.235 9.172
1.820 0.334 -0.867 -2.928 2.222 9.198
1.830 0.312 -0.869 -2.928 2.213 9.219
1.840 0.290 -0.870 -2.929 2.207 9.233
1.850 0.268 -0.872 -2.931 2.206 9.237
1.860 0.246 -0.873 -2.934 2.208 9.230
1.870 0.224 -0.875 -2.937 2.215 9.211
1.880 0.202 -0.876 -2.942 2.225 9.181
1.890 0.181 -0.877 -2.948 2.238 9.139
1.900 0.159 -0.879 -2.954 2.255 9.085
1.910 0.138 -0.880 -2.961 2.276 9.021
1.920 0.116 -0.881 -2.970 2.299 8.945
1.930 0.095 -0.883 -2.979 2.326 8.858
1.940 0.074 -0.884 -2.989 2.355 8.760
1.950 0.052 -0.885 -3.000 2.386 8.652
1.960 0.031 -0.886 -3.012 2.420 8.533
1.970 0.010 -0.887 -3.024 2.455 8.405
1.980 -0.011 -0.889 -3.038 2.492 8.267
1.990 -0.032 -0.890 -3.052 2.530 8.120
2.000 -0.052 -0.891 -3.067 2.569 7.964
2.010 -0.073 -0.892 -3.083 2.609 7.800
2.020 -0.094 -0.893 -3.099 2.649 7.628
2.030 -0.114 -0.893 -3.116 2.690 7.448
2.040 -0.135 -0.894 -3.134 2.730 7.261
2.050 -0.155 -0.895 -3.153 2.771 7.067
2.060 -0.176 -0.896 -3.173 2.811 6.868
2.070 -0.196 -0.896 -3.193 2.851 6.663
2.080 -0.216 -0.897 -3.213 2.890 6.453
2.090 -0.236 -0.897 -3.234 2.927 6.239
2.100 -0.256 -0.898 -3.256 2.964 6.021
2.110 -0.276 -0.898 -3.279 3.000 5.801
2.120 -0.296 -0.898 -3.302 3.034 5.578
2.130 -0.316 -0.898 -3.325 3.067 5.354
2.140 -0.335 -0.898 -3.349 3.098 5.130
2.150 -0.355 -0.898 -3.374 3.128 4.906
2.160 -0.374 -0.898 -3.399 3.156 4.683
2.170 -0.394 -0.897 -3.424 3.182 4.463
2.180 -0.413 -0.897 -3.450 3.206 4.247
2.190 -0.432 -0.896 -3.476 3.228 4.036
2.200 -0.451 -0.895 -3.502 3.248 3.832
2.210 -0.469 -0.894 -3.529 3.266 3.637
2.220 -0.488 -0.893 -3.556 3.281 3.452
2.230 -0.507 -0.892 -3.583 3.295 3.280
2.240 -0.525 -0.890 -3.610 3.306 3.123
2.250 -0.543 -0.889 -3.638 3.315 2.984
2.260 -0.561 -0.887 -3.666 3.322 2.866
2.270 -0.579 -0.885 -3.694 3.327 2.771
2.280 -0.597 -0.883 -3.722 3.329 2.702
2.290 -0.614 -0.881 -3.750 3.329 2.659
2.300 -0.632 -0.879 -3.778 3.326 2.644
2.310 -0.649 -0.876 -3.807 3.322 2.657
2.320 -0.666 -0.873 -3.835 3.315 2.697
2.330 -0.683 -0.870 -3.863 3.306 2.762
2.340 -0.699 -0.867 -3.892 3.294 2.849
2.350 -0.716 -0.864 -3.920 3.281 2.955
2.360 -0.732 -0.860 -3.948 3.265 3.078
2.370 -0.748 -0.856 -3.976 3.247 3.215
2.380 -0.764 -0.852 -4.004 3.227 3.363
2.390 -0.779 -0.848 -4.032 3.205 3.521
2.400 -0.794 -0.843 -4.059 3.180 3.685
2.410 -0.809 -0.839 -4.086 3.154 3.854
2.420 -0.824 -0.834 -4.114 3.126 4.027
2.430 -0.839 -0.829 -4.140 3.096 4.202
2.440 -0.853 -0.824 -4.167 3.064 4.379
2.450 -0.867 -0.818 -4.193 3.030 4.556
2.460 -0.881 -0.812 -4.219 2.994 4.733
2.470 -0.894 -0.806 -4.245 2.957 4.908
2.480 -0.907 -0.800 -4.270 2.918 5.083
2.490 -0.920 -0.794 -4.295 2.878 5.255
2.500 -0.933 -0.787 -4.320 2.836 5.424
2.510 -0.945 -0.780 -4.344 2.792 5.591
2.520 -0.957 -0.773 -4.368 2.748 5.754
2.530 -0.968 -0.766 -4.391 2.702 5.914
2.540 -0.980 -0.758 -4.414 2.655 6.070
2.550 -0.991 -0.750 -4.436 2.606 6.223
2.560 -1.001 -0.742 -4.458 2.557 6.371
2.570 -1.011 -0.734 -4.479 2.507 6.515
2.580 -1.021 -0.725 -4.500 2.456 6.655
2.590 -1.031 -0.717 -4.520 2.404 6.790
2.600 -1.040 -0.708 -4.540 2.352 6.920
2.610 -1.049 -0.699 -4.559 2.299 7.046
2.620 -1.058 -0.689 -4.578 2.246 7.167
2.630 -1.066 -0.680 -4.596 2.192 7.284
2.640 -1.074 -0.670 -4.613 2.139 7.395
2.650 -1.081 -0.660 -4.630 2.085 7.501
2.660 -1.088 -0.650 -4.646 2.032 7.603
2.670 -1.095 -0.639 -4.661 1.979 7.699
2.680 -1.101 -0.629 -4.676 1.927 7.791
2.690 -1.107 -0.618 -4.690 1.875 7.877
2.700 -1.113 -0.607 -4.704 1.825 7.959
2.710 -1.118 -0.596 -4.716 1.776 8.035
2.720 -1.122 -0.584 -4.729 1.728 8.106
2.730 -1.127 -0.573 -4.740 1.682 8.173
2.740 -1.131 -0.561 -4.751 1.638 8.234
2.750 -1.134 -0.549 -4.761 1.596 8.290
2.760 -1.138 -0.537 -4.770 1.557 8.341
2.770 -1.140 -0.525 -4.779 1.520 8.386
2.780 -1.143 -0.513 -4.787 1.487 8.427
2.790 -1.145 -0.500 -4.794 1.457 8.463
2.800 -1.146 -0.487 -4.800 1.431 8.494
2.810 -1.147 -0.475 -4.806 1.409 8.519
2.820 -1.148 -0.462 -4.811 1.392 8.540
2.830 -1.148 -0.448 -4.815 1.378 8.556
2.840 -1.148 -0.435 -4.818 1.370 8.566
2.850 -1.148 -0.422 -4.821 1.366 8.572
2.860 -1.147 -0.408 -4.823 1.368 8.572
2.870 -1.145 -0.395 -4.824 1.374 8.567
2.880 -1.144 -0.381 -4.825 1.384 8.556
2.890 -1.142 -0.367 -4.825 1.400 8.540
2.900 -1.139 -0.353 -4.824 1.420 8.518
2.910 -1.136 -0.339 -4.822 1.444 8.488
2.920 -1.133 -0.325 -4.819 1.471 8.450
2.930 -1.129 -0.311 -4.816 1.503 8.403
2.940 -1.125 -0.297 -4.812 1.537 8.347
2.950 -1.120 -0.282 -4.808 1.575 8.284
2.960 -1.115 -0.268 -4.802 1.615 8.211
2.970 -1.110 -0.253 -4.796 1.658 8.131
2.980 -1.104 -0.239 -4.789 1.702 8.043
2.990 -1.098 -0.224 -4.782 1.748 7.947
3.000 -1.092 -0.210 -4.774 1.795 7.843
3.010 -1.085 -0.195 -4.765 1.844 7.732
3.020 -1.078 -0.180 -4.755 1.893 7.613
3.030 -1.070 -0.166 -4.745 1.942 7.488
3.040 -1.062 -0.151 -4.734 1.992 7.355
3.050 -1.054 -0.136 -4.723 2.042 7.216
3.060 -1.045 -0.121 -4.711 2.092 7.071
3.070 -1.036 -0.107 -4.698 2.142 6.919
3.080 -1.027 -0.092 -4.685 2.191 6.762
3.090 -1.017 -0.077 -4.671 2.240 6.599
3.100 -1.007 -0.062 -4.657 2.288 6.431
3.110 -0.997 -0.048 -4.642 2.335 6.258
3.120 -0.986 -0.033 -4.627 2.381 6.080
3.130 -0.975 -0.018 -4.611 2.426 5.899
3.140 -0.964 -0.004 -4.594 2.470 5.713
3.150 -0.953 0.011 -4.577 2.512 5.524
3.160 -0.941 0.026 -4.560 2.553 5.332
3.170 -0.929 0.040 -4.542 2.593 5.137
3.180 -0.916 0.055 -4.524 2.631 4.939
3.190 -0.904 0.069 -4.506 2.668 4.740
3.200 -0.891 0.084 -4.487 2.703 4.539
3.210 -0.878 0.098 -4.467 2.736 4.338
3.220 -0.864 0.112 -4.448 2.768 4.136
3.230 -0.851 0.126 -4.428 2.798 3.934
3.240 -0.837 0.140 -4.408 2.826 3.732
3.250 -0.823 0.154 -4.387 2.852 3.532
3.260 -0.809 0.168 -4.367 2.876 3.334
3.270 -0.794 0.182 -4.346 2.898 3.139
3.280 -0.779 0.196 -4.324 2.919 2.948
3.290 -0.765 0.210 -4.303 2.938 2.761
3.300 -0.750 0.223 -4.282 2.954 2.582
3.310 -0.734 0.237 -4.260 2.969 2.409
3.320 -0.719 0.250 -4.238 2.982 2.247
3.330 -0.704 0.264 -4.216 2.993 2.097
3.340 -0.688 0.277 -4.194 3.001 1.961
3.350 -0.672 0.290 -4.172 3.009 1.843
3.360 -0.656 0.303 -4.150 3.014 1.745
3.370 -0.640 0.316 -4.128 3.017 1.671
3.380 -0.624 0.329 -4.106 3.018 1.624
3.390 -0.608 0.341 -4.084 3.018 1.604
3.400 -0.591 0.354 -4.062 3.016 1.612
3.410 -0.575 0.367 -4.041 3.012 1.647
3.420 -0.558 0.379 -4.019 3.006 1.706
3.430 -0.541 0.391 -3.997 2.998 1.785
3.440 -0.525 0.403 -3.976 2.989 1.881
3.450 -0.508 0.415 -3.954 2.978 1.991
3.460 -0.491 0.427 -3.933 2.966 2.111
3.470 -0.474 0.439 -3.912 2.951 2.240
3.480 -0.457 0.451 -3.891 2.936 2.373
3.490 -0.440 0.462 -3.870 2.919 2.511
3.500 -0.423 0.474 -3.850 2.900 2.651
3.510 -0.406 0.485 -3.830 2.880 2.792
3.520 -0.388 0.496 -3.810 2.859 2.933
3.530 -0.371 0.507 -3.790 2.837 3.074
3.540 -0.354 0.518 -3.771 2.813 3.213
3.550 -0.337 0.529 -3.752 2.788 3.351
3.560 -0.319 0.540 -3.733 2.762 3.487
3.570 -0.302 0.550 -3.714 2.735 3.620
3.580 -0.285 0.561 -3.696 2.707 3.750
3.590 -0.268 0.571 -3.679 2.678 3.878
3.600 -0.250 0.581 -3.662 2.648 4.001
3.610 -0.233 0.591 -3.645 2.618 4.122
3.620 -0.216 0.601 -3.628 2.586 4.238
3.630 -0.198 0.611 -3.612 2.554 4.351
3.640 -0.181 0.621 -3.597 2.522 4.460
3.650 -0.164 0.630 -3.581 2.489 4.565
3.660 -0.147 0.640 -3.567 2.456 4.666
3.670 -0.130 0.649 -3.552 2.422 4.762
3.680 -0.112 0.659 -3.539 2.388 4.855
3.690 -0.095 0.668 -3.525 2.354 4.943
3.700 -0.078 0.677 -3.513 2.319 5.026
3.710 -0.061 0.686 -3.500 2.285 5.106
3.720 -0.044 0.695 -3.488 2.251 5.181
3.730 -0.027 0.703 -3.477 2.217 5.251
3.740 -0.010 0.712 -3.466 2.183 5.317
3.750 0.006 0.720 -3.456 2.150 5.379
3.760 0.023 0.729 -3.446 2.117 5.436
3.770 0.040 0.737 -3.437 2.084 5.489
3.780 0.057 0.745 -3.428 2.052 5.538
3.790 0.073 0.753 -3.420 2.021 5.582
3.800 0.090 0.761 -3.413 1.991 5.622
3.810 0.107 0.769 -3.406 1.961 5.658
3.820 0.123 0.777 -3.399 1.933 5.689
3.830 0.140 0.785 -3.393 1.905 5.717
3.840 0.156 0.792 -3.388 1.879 5.740
3.850 0.172 0.800 -3.383 1.854 5.759
3.860 0.188 0.807 -3.379 1.830 5.774
3.870 0.205 0.814 -3.375 1.807 5.784
3.880 0.221 0.821 -3.372 1.786 5.791
3.890 0.237 0.828 -3.370 1.767 5.794
3.900 0.253 0.835 -3.368 1.748 5.794
3.910 0.269 0.842 -3.366 1.732 5.789
3.920 0.284 0.848 -3.366 1.717 5.781
3.930 0.300 0.855 -3.365 1.704 5.769
3.940 0.316 0.861 -3.366 1.692 5.753
3.950 0.331 0.868 -3.367 1.682 5.734
3.960 0.347 0.874 -3.368 1.674 5.709
3.970 0.362 0.880 -3.370 1.667 5.680
3.980 0.378 0.886 -3.372 1.662 5.645
3.990 0.393 0.892 -3.375 1.659 5.605
4.000 0.408 0.897 -3.379 1.657 5.560
4.010 0.423 0.903 -3.383 1.657 5.511
4.020 0.438 0.908 -3.388 1.657 5.457
4.030 0.453 0.914 -3.393 1.660 5.399
4.040 0.468 0.919 -3.398 1.663 5.336
4.050 0.482 0.924 -3.405 1.668 5.270
4.060 0.497 0.929 -3.411 1.673 5.201
4.070 0.511 0.934 -3.418 1.680 5.128
4.080 0.526 0.938 -3.426 1.687 5.052
4.090 0.540 0.943 -3.434 1.695 4.973
4.100 0.554 0.947 -3.442 1.704 4.892
4.110 0.568 0.952 -3.451 1.713 4.809
4.120 0.582 0.956 -3.461 1.723 4.724
4.130 0.595 0.959 -3.471 1.733 4.637
4.140 0.609 0.963 -3.481 1.743 4.549
4.150 0.623 0.967 -3.491 1.753 4.461
4.160 0.636 0.970 -3.502 1.763 4.372
4.170 0.649 0.974 -3.514 1.773 4.283
4.180 0.662 0.977 -3.525 1.783 4.195
4.190 0.675 0.980 -3.538 1.792 4.107
4.200 0.688 0.982 -3.550 1.802 4.021
4.210 0.701 0.985 -3.563 1.811 3.937
4.220 0.713 0.987 -3.576 1.819 3.855
4.230 0.725 0.990 -3.589 1.827 3.776
4.240 0.738 0.992 -3.603 1.834 3.701
4.250 0.750 0.993 -3.616 1.840 3.629
4.260 0.761 0.995 -3.630 1.846 3.561
4.270 0.773 0.996 -3.645 1.852 3.498
4.280 0.785 0.998 -3.659 1.856 3.441
4.290 0.796 0.999 -3.674 1.860 3.389
4.300 0.807 1.000 -3.689 1.862 3.343
4.310 0.818 1.000 -3.704 1.864 3.304
4.320 0.829 1.001 -3.719 1.865 3.272
4.330 0.839 1.001 -3.735 1.865 3.246
4.340 0.849 1.001 -3.750 1.865 3.228
4.350 0.860 1.001 -3.766 1.863 3.217
4.360 0.870 1.000 -3.782 1.860 3.214
4.370 0.879 0.999 -3.797 1.857 3.217
4.380 0.889 0.999 -3.813 1.853 3.228
4.390 0.898 0.997 -3.829 1.847 3.245
4.400 0.907 0.996 -3.845 1.841 3.268
4.410 0.916 0.994 -3.861 1.834 3.297
4.420 0.924 0.993 -3.877 1.826 3.332
4.430 0.933 0.990 -3.893 1.818 3.373
4.440 0.941 0.988 -3.909 1.808 3.417
4.450 0.949 0.986 -3.925 1.798 3.467
4.460 0.956 0.983 -3.941 1.787 3.520
4.470 0.964 0.980 -3.957 1.775 3.576
4.480 0.971 0.976 -3.973 1.762 3.636
4.490 0.978 0.973 -3.988 1.749 3.698
4.500 0.984 0.969 -4.004 1.736 3.762
4.510 0.991 0.965 -4.019 1.722 3.828
4.520 0.997 0.961 -4.035 1.707 3.895
4.530 1.002 0.956 -4.050 1.692 3.963
4.540 1.008 0.951 -4.065 1.676 4.031
4.550 1.013 0.946 -4.080 1.660 4.100
4.560 1.018 0.941 -4.095 1.644 4.169
4.570 1.023 0.935 -4.109 1.628 4.237
4.580 1.027 0.929 -4.124 1.611 4.305
4.590 1.031 0.923 -4.138 1.595 4.372
4.600 1.035 0.917 -4.152 1.578 4.438
4.610 1.038 0.910 -4.166 1.562 4.503
4.620 1.042 0.903 -4.179 1.546 4.566
4.630 1.044 0.896 -4.192 1.530 4.628
4.640 1.047 0.889 -4.205 1.514 4.688
4.650 1.049 0.881 -4.218 1.499 4.746
4.660 1.051 0.873 -4.230 1.484 4.802
4.670 1.053 0.865 -4.243 1.470 4.856
4.680 1.054 0.857 -4.254 1.456 4.908
4.690 1.055 0.848 -4.266 1.444 4.958
4.700 1.056 0.839 -4.277 1.432 5.005
4.710 1.057 0.830 -4.288 1.421 5.049
4.720 1.057 0.821 -4.299 1.411 5.091
4.730 1.056 0.812 -4.309 1.402 5.131
4.740 1.056 0.802 -4.319 1.394 5.167
4.750 1.055 0.792 -4.329 1.388 5.201
4.760 1.054 0.782 -4.338 1.383 5.231
4.770 1.052 0.771 -4.347 1.379 5.258
4.780 1.051 0.761 -4.355 1.377 5.282
4.790 1.049 0.750 -4.363 1.376 5.303
4.800 1.046 0.739 -4.371 1.377 5.320
4.810 1.043 0.727 -4.379 1.379 5.334
4.820 1.040 0.716 -4.386 1.383 5.344
4.830 1.037 0.704 -4.392 1.388 5.352
4.840 1.033 0.692 -4.399 1.395 5.356
4.850 1.029 0.680 -4.405 1.403 5.356
4.860 1.025 0.668 -4.410 1.413 5.354
4.870 1.020 0.656 -4.415 1.424 5.348
4.880 1.015 0.643 -4.420 1.436 5.338
4.890 1.010 0.630 -4.424 1.450 5.326
4.900 1.004 0.617 -4.428 1.465 5.310
4.910 0.998 0.604 -4.432 1.482 5.291
4.920 0.992 0.591 -4.435 1.499 5.269
4.930 0.985 0.577 -4.438 1.518 5.244
4.940 0.979 0.564 -4.440 1.538 5.215
4.950 0.971 0.550 -4.442 1.558 5.184
4.960 0.964 0.536 -4.443 1.580 5.149
4.970 0.956 0.522 -4.445 1.602 5.112
4.980 0.948 0.508 -4.445 1.625 5.071
4.990 0.940 0.494 -4.446 1.648 5.028
5.000 0.932 0.479 -4.446 1.672 4.981
5.010 0.923 0.465 -4.445 1.697 4.932
5.020 0.914 0.450 -4.444 1.722 4.879
5.030 0.904 0.436 -4.443 1.747 4.823
5.040 0.895 0.421 -4.441 1.773 4.764
5.050 0.885 0.406 -4.439 1.798 4.701
5.060 0.875 0.391 -4.437 1.824 4.635
5.070 0.864 0.376 -4.434 1.850 4.565
5.080 0.854 0.361 -4.431 1.876 4.492
5.090 0.843 0.346 -4.428 1.901 4.416
5.100 0.832 0.330 -4.424 1.927 4.338
5.110 0.820 0.315 -4.420 1.952 4.256
5.120 0.809 0.300 -4.415 1.978 4.171
5.130 0.797 0.284 -4.410 2.003 4.084
5.140 0.785 0.269 -4.405 2.027 3.994
5.150 0.773 0.253 -4.400 2.051 3.902
5.160 0.760 0.238 -4.394 2.075 3.808
5.170 0.748 0.222 -4.388 2.098 3.711
5.180 0.735 0.206 -4.381 2.120 3.612
5.190 0.722 0.191 -4.374 2.143 3.512
5.200 0.709 0.175 -4.367 2.164 3.409
5.210 0.695 0.159 -4.360 2.185 3.306
5.220 0.682 0.144 -4.352 2.205 3.200
5.230 0.668 0.128 -4.344 2.224 3.094
5.240 0.654 0.112 -4.336 2.243 2.986
5.250 0.640 0.097 -4.328 2.260 2.877
5.260 0.626 0.081 -4.319 2.277 2.768
5.270 0.612 0.066 -4.311 2.294 2.659
5.280 0.597 0.050 -4.302 2.309 2.549
5.290 0.583 0.034 -4.292 2.323 2.439
5.300 0.568 0.019 -4.283 2.337 2.329
5.310 0.553 0.003 -4.273 2.350 2.220
5.320 0.538 -0.012 -4.263 2.361 2.111
5.330 0.523 -0.028 -4.254 2.372 2.004
5.340 0.508 -0.043 -4.243 2.382 1.898
5.350 0.493 -0.058 -4.233 2.391 1.795
5.360 0.478 -0.073 -4.223 2.399 1.693
5.370 0.462 -0.089 -4.212 2.406 1.595
5.380 0.447 -0.104 -4.202 2.413 1.501
5.390 0.431 -0.119 -4.191 2.418 1.411
5.400 0.415 -0.134 -4.180 2.422 1.326
5.410 0.400 -0.149 -4.169 2.425 1.248
5.420 0.384 -0.164 -4.158 2.428 1.177
5.430 0.368 -0.179 -4.147 2.429 1.116
5.440 0.352 -0.193 -4.136 2.429 1.064
5.450 0.336 -0.208 -4.125 2.429 1.024
5.460 0.320 -0.222 -4.114 2.428 0.997
5.470 0.304 -0.237 -4.103 2.425 0.983
5.480 0.288 -0.251 -4.092 2.422 0.982
5.490 0.272 -0.265 -4.081 2.418 0.994
5.500 0.256 -0.280 -4.070 2.413 1.018
5.510 0.240 -0.294 -4.059 2.407 1.052
5.520 0.224 -0.308 -4.048 2.400 1.096
5.530 0.208 -0.321 -4.037 2.393 1.148
5.540 0.192 -0.335 -4.026 2.385 1.206
5.550 0.176 -0.349 -4.015 2.375 1.269
5.560 0.159 -0.362 -4.004 2.365 1.335
5.570 0.143 -0.376 -3.994 2.355 1.404
5.580 0.127 -0.389 -3.983 2.343 1.476
5.590 0.111 -0.402 -3.972 2.331 1.548
5.600 0.095 -0.415 -3.962 2.318 1.621
5.610 0.079 -0.428 -3.952 2.305 1.694
5.620 0.063 -0.441 -3.942 2.290 1.768
5.630 0.047 -0.454 -3.932 2.276 1.840
5.640 0.031 -0.466 -3.922 2.260 1.912
5.650 0.015 -0.479 -3.912 2.244 1.983
5.660 -0.001 -0.491 -3.902 2.228 2.053
5.670 -0.017 -0.503 -3.893 2.210 2.121
5.680 -0.033 -0.515 -3.884 2.193 2.188
5.690 -0.048 -0.527 -3.875 2.175 2.254
5.700 -0.064 -0.539 -3.866 2.156 2.317
5.710 -0.080 -0.551 -3.857 2.137 2.379
5.720 -0.095 -0.562 -3.848 2.117 2.439
5.730 -0.111 -0.574 -3.840 2.097 2.498
5.740 -0.126 -0.585 -3.832 2.077 2.554
5.750 -0.142 -0.596 -3.824 2.057 2.608
5.760 -0.157 -0.607 -3.816 2.036 2.660
5.770 -0.172 -0.618 -3.809 2.014 2.711
5.780 -0.188 -0.628 -3.802 1.993 2.759
5.790 -0.203 -0.639 -3.795 1.971 2.805
5.800 -0.218 -0.649 -3.788 1.949 2.849
5.810 -0.233 -0.659 -3.781 1.927 2.891
5.820 -0.248 -0.669 -3.775 1.905 2.931
5.830 -0.262 -0.679 -3.769 1.882 2.969
5.840 -0.277 -0.689 -3.763 1.860 3.005
5.850 -0.292 -0.699 -3.758 1.837 3.039
5.860 -0.306 -0.708 -3.752 1.814 3.071
5.870 -0.321 -0.718 -3.747 1.791 3.101
5.880 -0.335 -0.727 -3.742 1.768 3.130
5.890 -0.349 -0.736 -3.738 1.745 3.156
5.900 -0.363 -0.745 -3.733 1.722 3.180
5.910 -0.377 -0.753 -3.729 1.699 3.203
5.920 -0.391 -0.762 -3.726 1.676 3.224
5.930 -0.405 -0.770 -3.722 1.654 3.243
5.940 -0.419 -0.778 -3.719 1.631 3.261
5.950 -0.432 -0.787 -3.716 1.608 3.276
5.960 -0.446 -0.794 -3.713 1.585 3.291
5.970 -0.459 -0.802 -3.711 1.563 3.303
5.980 -0.472 -0.810 -3.708 1.541 3.315
5.990 -0.486 -0.817 -3.706 1.519 3.324
6.000 -0.499 -0.824 -3.705 1.497 3.333
6.010 -0.511 -0.831 -3.703 1.475 3.340
6.020 -0.524 -0.838 -3.702 1.453 3.346
6.030 -0.537 -0.845 -3.701 1.432 3.350
6.040 -0.549 -0.852 -3.700 1.411 3.354
6.050 -0.562 -0.858 -3.700 1.390 3.356
6.060 -0.574 -0.864 -3.700 1.369 3.358
6.070 -0.586 -0.870 -3.700 1.349 3.358
6.080 -0.598 -0.876 -3.700 1.329 3.358
6.090 -0.610 -0.882 -3.701 1.309 3.357
6.100 -0.621 -0.887 -3.702 1.290 3.354
6.110 -0.633 -0.892 -3.703 1.270 3.351
6.120 -0.644 -0.898 -3.704 1.252 3.346
6.130 -0.655 -0.902 -3.706 1.233 3.341
6.140 -0.666 -0.907 -3.707 1.215 3.336
6.150 -0.677 -0.912 -3.709 1.197 3.329
6.160 -0.688 -0.916 -3.712 1.179 3.322
6.170 -0.699 -0.920 -3.714 1.162 3.315
6.180 -0.709 -0.924 -3.717 1.145 3.307
6.190 -0.719 -0.928 -3.720 1.129 3.299
6.200 -0.729 -0.932 -3.723 1.113 3.291
6.210 -0.739 -0.935 -3.726 1.097 3.283
6.220 -0.749 -0.938 -3.729 1.082 3.275
6.230 -0.758 -0.941 -3.733 1.067 3.267
6.240 -0.768 -0.944 -3.737 1.052 3.259
6.250 -0.777 -0.947 -3.741 1.038 3.252
6.260 -0.786 -0.949 -3.745 1.024 3.244
6.270 -0.795 -0.951 -3.749 1.010 3.237
6.280 -0.804 -0.953 -3.754 0.997 3.231
6.290 -0.812 -0.955 -3.759 0.985 3.225
6.300 -0.820 -0.957 -3.763 0.972 3.220
6.310 -0.828 -0.958 -3.768 0.961 3.215
6.320 -0.836 -0.959 -3.774 0.949 3.211
6.330 -0.844 -0.960 -3.779 0.938 3.207
6.340 -0.852 -0.961 -3.784 0.928 3.205
6.350 -0.859 -0.961 -3.790 0.918 3.203
6.360 -0.866 -0.961 -3.795 0.908 3.201
6.370 -0.873 -0.962 -3.801 0.899 3.201
6.380 -0.880 -0.961 -3.807 0.891 3.202
6.390 -0.886 -0.961 -3.813 0.883 3.203
6.400 -0.892 -0.960 -3.819 0.875 3.205
6.410 -0.898 -0.960 -3.825 0.868 3.207
6.420 -0.904 -0.959 -3.832 0.862 3.210
6.430 -0.910 -0.957 -3.838 0.856 3.213
6.440 -0.915 -0.956 -3.844 0.851 3.217
6.450 -0.920 -0.954 -3.851 0.847 3.222
6.460 -0.925 -0.952 -3.857 0.843 3.227
6.470 -0.930 -0.950 -3.864 0.840 3.232
6.480 -0.935 -0.948 -3.871 0.837 3.238
6.490 -0.939 -0.945 -3.877 0.835 3.244
6.500 -0.943 -0.942 -3.884 0.834 3.250
6.510 -0.947 -0.939 -3.891 0.834 3.256
6.520 -0.950 -0.936 -3.897 0.834 3.263
6.530 -0.954 -0.932 -3.904 0.835 3.270
6.540 -0.957 -0.928 -3.911 0.837 3.277
6.550 -0.960 -0.924 -3.918 0.840 3.284
6.560 -0.962 -0.920 -3.925 0.843 3.291
6.570 -0.965 -0.916 -3.931 0.847 3.297
6.580 -0.967 -0.911 -3.938 0.852 3.304
6.590 -0.969 -0.906 -3.945 0.858 3.310
6.600 -0.971 -0.901 -3.952 0.864 3.317
6.610 -0.972 -0.896 -3.959 0.871 3.323
6.620 -0.973 -0.890 -3.965 0.879 3.328
6.630 -0.974 -0.884 -3.972 0.888 3.334
6.640 -0.975 -0.878 -3.979 0.897 3.338
6.650 -0.975 -0.872 -3.985 0.907 3.343
6.660 -0.975 -0.866 -3.992 0.918 3.347
6.670 -0.975 -0.859 -3.998 0.929 3.350
6.680 -0.975 -0.852 -4.005 0.941 3.353
6.690 -0.974 -0.845 -4.011 0.954 3.354
6.700 -0.974 -0.838 -4.017 0.967 3.355
6.710 -0.973 -0.830 -4.024 0.981 3.355
6.720 -0.971 -0.823 -4.030 0.995 3.354
6.730 -0.970 -0.815 -4.036 1.010 3.351
6.740 -0.968 -0.807 -4.042 1.025 3.348
6.750 -0.966 -0.798 -4.048 1.041 3.343
6.760 -0.963 -0.790 -4.054 1.057 3.338
6.770 -0.961 -0.781 -4.059 1.074 3.331
6.780 -0.958 -0.772 -4.065 1.091 3.323
6.790 -0.955 -0.763 -4.070 1.108 3.313
6.800 -0.951 -0.754 -4.076 1.126 3.303
6.810 -0.948 -0.745 -4.081 1.144 3.291
6.820 -0.944 -0.735 -4.086 1.162 3.278
6.830 -0.940 -0.725 -4.092 1.180 3.263
6.840 -0.936 -0.715 -4.097 1.199 3.248
6.850 -0.931 -0.705 -4.101 1.218 3.231
6.860 -0.926 -0.695 -4.106 1.237 3.213
6.870 -0.921 -0.684 -4.111 1.256 3.194
6.880 -0.916 -0.673 -4.115 1.275 3.173
6.890 -0.910 -0.663 -4.120 1.295 3.151
6.900 -0.904 -0.652 -4.124 1.314 3.128
6.910 -0.898 -0.640 -4.128 1.334 3.104
6.920 -0.892 -0.629 -4.132 1.353 3.079
6.930 -0.886 -0.618 -4.136 1.372 3.052
6.940 -0.879 -0.606 -4.140 1.392 3.024
6.950 -0.872 -0.594 -4.143 1.411 2.995
6.960 -0.865 -0.582 -4.147 1.430 2.965
6.970 -0.857 -0.570 -4.150 1.450 2.934
6.980 -0.850 -0.558 -4.153 1.469 2.902
6.990 -0.842 -0.546 -4.156 1.487 2.869
7.000 -0.834 -0.534 -4.159 1.506 2.835
7.010 -0.826 -0.521 -4.162 1.525 2.800
7.020 -0.817 -0.509 -4.165 1.543 2.763
7.030 -0.808 -0.496 -4.167 1.561 2.726
7.040 -0.799 -0.483 -4.170 1.579 2.688
7.050 -0.790 -0.470 -4.172 1.597 2.650
7.060 -0.781 -0.457 -4.174 1.614 2.610
7.070 -0.772 -0.444 -4.176 1.631 2.570
7.080 -0.762 -0.431 -4.178 1.648 2.529
7.090 -0.752 -0.417 -4.180 1.665 2.487
7.100 -0.742 -0.404 -4.181 1.681 2.445
7.110 -0.732 -0.391 -4.182 1.697 2.401
7.120 -0.721 -0.377 -4.184 1.712 2.358
7.130 -0.711 -0.363 -4.185 1.728 2.314
7.140 -0.700 -0.350 -4.186 1.742 2.269
7.150 -0.689 -0.336 -4.187 1.757 2.224
7.160 -0.678 -0.322 -4.187 1.771 2.179
7.170 -0.667 -0.308 -4.188 1.785 2.133
7.180 -0.655 -0.295 -4.189 1.798 2.087
7.190 -0.644 -0.281 -4.189 1.811 2.041
7.200 -0.632 -0.267 -4.189 1.823 1.995
7.210 -0.620 -0.253 -4.189 1.835 1.948
7.220 -0.608 -0.239 -4.189 1.847 1.902
7.230 -0.596 -0.225 -4.189 1.858 1.855
7.240 -0.584 -0.210 -4.189 1.869 1.809
7.250 -0.571 -0.196 -4.188 1.879 1.762
7.260 -0.559 -0.182 -4.188 1.889 1.716
7.270 -0.546 -0.168 -4.187 1.899 1.670
7.280 -0.533 -0.154 -4.186 1.907 1.625
7.290 -0.521 -0.140 -4.186 1.916 1.579
7.300 -0.508 -0.125 -4.185 1.924 1.534
7.310 -0.495 -0.111 -4.184 1.931 1.490
7.320 -0.481 -0.097 -4.182 1.938 1.447
7.330 -0.468 -0.083 -4.181 1.945 1.404
7.340 -0.455 -0.069 -4.180 1.951 1.362
7.350 -0.441 -0.055 -4.178 1.957 1.321
7.360 -0.428 -0.041 -4.177 1.962 1.281
7.370 -0.414 -0.026 -4.175 1.966 1.243
7.380 -0.400 -0.012 -4.173 1.970 1.206
7.390 -0.387 0.002 -4.172 1.974 1.170
7.400 -0.373 0.016 -4.170 1.977 1.136
7.410 -0.359 0.030 -4.168 1.980 1.104
7.420 -0.345 0.044 -4.165 1.982 1.074
7.430 -0.331 0.057 -4.163 1.984 1.047
7.440 -0.317 0.071 -4.161 1.985 1.021
7.450 -0.303 0.085 -4.159 1.986 0.998
7.460 -0.289 0.099 -4.156 1.986 0.978
7.470 -0.275 0.113 -4.154 1.986 0.961
7.480 -0.260 0.126 -4.151 1.985 0.946
7.490 -0.246 0.140 -4.149 1.984 0.935
7.500 -0.232 0.153 -4.146 1.982 0.926
7.510 -0.218 0.167 -4.144 1.980 0.921
7.520 -0.203 0.180 -4.141 1.977 0.919
7.530 -0.189 0.193 -4.138 1.974 0.920
7.540 -0.175 0.206 -4.135 1.970 0.924
7.550 -0.160 0.220 -4.132 1.966 0.930
7.560 -0.146 0.233 -4.129 1.962 0.940
7.570 -0.131 0.246 -4.126 1.957 0.952
7.580 -0.117 0.258 -4.123 1.952 0.966
7.590 -0.103 0.271 -4.120 1.946 0.983
7.600 -0.088 0.284 -4.117 1.939 1.001
7.610 -0.074 0.296 -4.114 1.933 1.022
7.620 -0.060 0.309 -4.111 1.925 1.044
7.630 -0.045 0.321 -4.108 1.918 1.068
7.640 -0.031 0.334 -4.105 1.910 1.093
7.650 -0.017 0.346 -4.101 1.901 1.119
7.660 -0.003 0.358 -4.098 1.893 1.146
7.670 0.012 0.370 -4.095 1.883 1.174
7.680 0.026 0.382 -4.092 1.874 1.203
7.690 0.040 0.393 -4.088 1.863 1.233
7.700 0.054 0.405 -4.085 1.853 1.263
7.710 0.068 0.416 -4.082 1.842 1.293
7.720 0.082 0.428 -4.078 1.831 1.324
7.730 0.096 0.439 -4.075 1.819 1.355
7.740 0.110 0.450 -4.072 1.807 1.386
7.750 0.124 0.461 -4.069 1.795 1.417
7.760 0.137 0.472 -4.065 1.782 1.449
7.770 0.151 0.483 -4.062 1.769 1.480
7.780 0.165 0.493 -4.059 1.755 1.511
7.790 0.178 0.504 -4.055 1.741 1.543
7.800 0.192 0.514 -4.052 1.727 1.574
7.810 0.205 0.524 -4.049 1.713 1.605
7.820 0.218 0.534 -4.046 1.698 1.636
7.830 0.232 0.544 -4.042 1.683 1.666
7.840 0.245 0.554 -4.039 1.667 1.697
7.850 0.258 0.563 -4.036 1.651 1.727
7.860 0.271 0.573 -4.033 1.635 1.757
7.870 0.284 0.582 -4.030 1.619 1.786
7.880 0.296 0.591 -4.026 1.602 1.815
7.890 0.309 0.600 -4.023 1.585 1.844
7.900 0.322 0.609 -4.020 1.568 1.873
7.910 0.334 0.618 -4.017 1.550 1.901
7.920 0.347 0.626 -4.014 1.532 1.929
7.930 0.359 0.634 -4.011 1.514 1.956
7.940 0.371 0.643 -4.008 1.496 1.983
7.950 0.383 0.651 -4.005 1.477 2.010
7.960 0.395 0.658 -4.002 1.458 2.036
7.970 0.407 0.666 -3.999 1.439 2.062
7.980 0.418 0.674 -3.996 1.419 2.088
7.990 0.430 0.681 -3.993 1.400 2.113
8.000 0.441 0.688 -3.991 1.380 2.137
8.010 0.453 0.695 -3.988 1.360 2.162
8.020 0.464 0.702 -3.985 1.339 2.186
8.030 0.475 0.709 -3.982 1.319 2.209
8.040 0.486 0.715 -3.980 1.298 2.232
8.050 0.497 0.721 -3.977 1.277 2.254
8.060 0.507 0.727 -3.974 1.256 2.277
8.070 0.518 0.733 -3.972 1.235 2.298
8.080 0.528 0.739 -3.969 1.213 2.319
8.090 0.539 0.745 -3.967 1.192 2.340
8.100 0.549 0.750 -3.965 1.170 2.361
8.110 0.559 0.755 -3.962 1.148 2.381
8.120 0.568 0.760 -3.960 1.126 2.400
8.130 0.578 0.765 -3.957 1.104 2.419
8.140 0.588 0.770 -3.955 1.081 2.438
8.150 0.597 0.774 -3.953 1.059 2.456
8.160 0.606 0.779 -3.951 1.036 2.473
8.170 0.615 0.783 -3.949 1.014 2.491
8.180 0.624 0.787 -3.947 0.991 2.507
8.190 0.633 0.790 -3.945 0.968 2.524
8.200 0.641 0.794 -3.943 0.945 2.539
8.210 0.650 0.797 -3.941 0.923 2.555
8.220 0.658 0.800 -3.939 0.900 2.570
8.230 0.666 0.803 -3.937 0.877 2.584
8.240 0.674 0.806 -3.935 0.854 2.598
8.250 0.681 0.809 -3.933 0.831 2.612
8.260 0.689 0.811 -3.932 0.808 2.625
8.270 0.696 0.813 -3.930 0.786 2.637
8.280 0.703 0.815 -3.928 0.763 2.649
8.290 0.710 0.817 -3.927 0.741 2.661
8.300 0.717 0.819 -3.925 0.718 2.672
8.310 0.724 0.820 -3.924 0.696 2.683
8.320 0.730 0.821 -3.922 0.674 2.693
8.330 0.737 0.822 -3.921 0.652 2.702
8.340 0.743 0.823 -3.920 0.631 2.712
8.350 0.749 0.824 -3.918 0.610 2.720
8.360 0.754 0.824 -3.917 0.589 2.729
8.370 0.760 0.825 -3.916 0.569 2.736
8.380 0.765 0.825 -3.915 0.549 2.744
8.390 0.771 0.824 -3.914 0.530 2.750
8.400 0.776 0.824 -3.913 0.512 2.757
8.410 0.780 0.824 -3.912 0.494 2.762
8.420 0.785 0.823 -3.911 0.477 2.767
8.430 0.790 0.822 -3.910 0.461 2.771
8.440 0.794 0.821 -3.909 0.447 2.775
8.450 0.798 0.819 -3.909 0.433 2.778
8.460 0.802 0.818 -3.908 0.421 2.780
8.470 0.805 0.816 -3.907 0.410 2.782
8.480 0.809 0.814 -3.907 0.401 2.783
8.490 0.812 0.812 -3.906 0.393 2.783
8.500 0.815 0.810 -3.906 0.387 2.783
8.510 0.818 0.808 -3.905 0.383 2.782
8.520 0.821 0.805 -3.905 0.381 2.780
8.530 0.823 0.802 -3.905 0.381 2.778
8.540 0.826 0.799 -3.904 0.383 2.775
8.550 0.828 0.796 -3.904 0.386 2.772
8.560 0.830 0.792 -3.904 0.392 2.768
8.570 0.831 0.789 -3.904 0.399 2.763
8.580 0.833 0.785 -3.904 0.408 2.758
8.590 0.834 0.781 -3.904 0.418 2.752
8.600 0.835 0.777 -3.904 0.430 2.745
8.610 0.836 0.773 -3.904 0.443 2.738
8.620 0.837 0.768 -3.904 0.457 2.731
8.630 0.838 0.763 -3.905 0.472 2.723
8.640 0.838 0.758 -3.905 0.489 2.714
8.650 0.838 0.753 -3.905 0.505 2.705
8.660 0.838 0.748 -3.906 0.523 2.695
8.670 0.838 0.743 -3.906 0.541 2.684
8.680 0.837 0.737 -3.907 0.560 2.673
8.690 0.837 0.732 -3.908 0.579 2.662
8.700 0.836 0.726 -3.908 0.599 2.649
8.710 0.835 0.720 -3.909 0.619 2.636
8.720 0.834 0.713 -3.910 0.639 2.622
8.730 0.832 0.707 -3.911 0.659 2.608
8.740 0.830 0.700 -3.912 0.680 2.592
8.750 0.829 0.694 -3.913 0.701 2.577
8.760 0.827 0.687 -3.914 0.722 2.560
8.770 0.824 0.680 -3.915 0.743 2.543
8.780 0.822 0.673 -3.916 0.764 2.525
8.790 0.819 0.665 -3.917 0.785 2.507
8.800 0.817 0.658 -3.918 0.806 2.488
8.810 0.814 0.650 -3.920 0.827 2.468
8.820 0.810 0.643 -3.921 0.848 2.448
8.830 0.807 0.635 -3.923 0.869 2.427
8.840 0.804 0.627 -3.924 0.890 2.406
8.850 0.800 0.619 -3.926 0.911 2.384
8.860 0.796 0.610 -3.927 0.931 2.361
8.870 0.792 0.602 -3.929 0.952 2.338
8.880 0.788 0.593 -3.931 0.972 2.315
8.890 0.783 0.585 -3.933 0.992 2.290
8.900 0.778 0.576 -3.935 1.013 2.266
8.910 0.774 0.567 -3.937 1.033 2.241
8.920 0.769 0.558 -3.939 1.052 2.215
8.930 0.763 0.549 -3.941 1.072 2.189
8.940 0.758 0.540 -3.943 1.091 2.162
8.950 0.753 0.530 -3.945 1.110 2.135
8.960 0.747 0.521 -3.947 1.129 2.107
8.970 0.741 0.511 -3.950 1.148 2.079
8.980 0.735 0.501 -3.952 1.166 2.051
8.990 0.729 0.492 -3.954 1.184 2.022
9.000 0.723 0.482 -3.957 1.202 1.992
9.010 0.716 0.472 -3.959 1.220 1.962
9.020 0.709 0.462 -3.962 1.237 1.932
9.030 0.703 0.451 -3.965 1.254 1.901
9.040 0.696 0.441 -3.967 1.271 1.870
9.050 0.688 0.431 -3.970 1.288 1.839
9.060 0.681 0.420 -3.973 1.304 1.807
9.070 0.674 0.410 -3.976 1.320 1.775
9.080 0.666 0.399 -3.979 1.335 1.743
9.090 0.658 0.389 -3.982 1.351 1.710
9.100 0.650 0.378 -3.985 1.366 1.677
9.110 0.642 0.367 -3.988 1.380 1.643
9.120 0.634 0.356 -3.991 1.395 1.610
9.130 0.626 0.345 -3.994 1.409 1.576
9.140 0.617 0.334 -3.997 1.422 1.542
9.150 0.609 0.323 -4.000 1.436 1.507
9.160 0.600 0.312 -4.003 1.449 1.473
9.170 0.591 0.301 -4.007 1.461 1.438
9.180 0.582 0.290 -4.010 1.473 1.403
9.190 0.573 0.278 -4.013 1.485 1.368
9.200 0.564 0.267 -4.017 1.497 1.333
9.210 0.555 0.256 -4.020 1.508 1.297
9.220 0.545 0.244 -4.024 1.519 1.262
9.230 0.536 0.233 -4.027 1.529 1.227
9.240 0.526 0.221 -4.031 1.539 1.192
9.250 0.516 0.210 -4.034 1.549 1.157
9.260 0.507 0.198 -4.038 1.558 1.122
9.270 0.497 0.187 -4.041 1.567 1.087
9.280 0.486 0.175 -4.045 1.576 1.053
9.290 0.476 0.164 -4.048 1.584 1.019
9.300 0.466 0.152 -4.052 1.592 0.985
9.310 0.456 0.140 -4.056 1.599 0.952
9.320 0.445 0.129 -4.059 1.606 0.920
9.330 0.435 0.117 -4.063 1.612 0.889
9.340 0.424 0.106 -4.067 1.618 0.858
9.350 0.413 0.094 -4.070 1.624 0.829
9.360 0.402 0.082 -4.074 1.629 0.801
9.370 0.392 0.071 -4.078 1.634 0.775
9.380 0.381 0.059 -4.081 1.639 0.750
9.390 0.370 0.047 -4.085 1.643 0.727
9.400 0.359 0.036 -4.088 1.646 0.707
9.410 0.347 0.024 -4.092 1.650 0.688
9.420 0.336 0.013 -4.096 1.653 0.673
9.430 0.325 0.001 -4.099 1.655 0.660
9.440 0.314 -0.011 -4.103 1.657 0.650
9.450 0.302 -0.022 -4.106 1.659 0.644
9.460 0.291 -0.034 -4.110 1.660 0.641
9.470 0.279 -0.045 -4.113 1.660 0.641
9.480 0.268 -0.056 -4.117 1.661 0.645
9.490 0.256 -0.068 -4.120 1.661 0.652
9.500 0.244 -0.079 -4.124 1.660 0.663
9.510 0.233 -0.091 -4.127 1.659 0.676
9.520 0.221 -0.102 -4.130 1.658 0.693
9.530 0.209 -0.113 -4.133 1.656 0.712
9.540 0.198 -0.124 -4.137 1.654 0.734
9.550 0.186 -0.135 -4.140 1.651 0.758
9.560 0.174 -0.146 -4.143 1.648 0.784
9.570 0.162 -0.157 -4.146 1.645 0.812
9.580 0.150 -0.168 -4.149 1.641 0.842
9.590 0.138 -0.179 -4.152 1.637 0.873
9.600 0.127 -0.190 -4.155 1.632 0.905
9.610 0.115 -0.201 -4.158 1.627 0.938
9.620 0.103 -0.211 -4.160 1.622 0.972
9.630 0.091 -0.222 -4.163 1.616 1.007
9.640 0.079 -0.233 -4.166 1.610 1.042
9.650 0.067 -0.243 -4.168 1.604 1.078
9.660 0.055 -0.253 -4.171 1.597 1.114
9.670 0.043 -0.264 -4.173 1.589 1.151
9.680 0.031 -0.274 -4.175 1.582 1.188
9.690 0.020 -0.284 -4.178 1.574 1.224
9.700 0.008 -0.294 -4.180 1.565 1.262
9.710 -0.004 -0.304 -4.182 1.557 1.299
9.720 -0.016 -0.314 -4.184 1.548 1.335
9.730 -0.027 -0.324 -4.185 1.538 1.372
9.740 -0.039 -0.333 -4.187 1.529 1.409
9.750 -0.051 -0.343 -4.189 1.519 1.445
9.760 -0.063 -0.352 -4.190 1.508 1.482
9.770 -0.074 -0.362 -4.192 1.498 1.517
9.780 -0.086 -0.371 -4.193 1.487 1.553
9.790 -0.097 -0.380 -4.194 1.476 1.588
9.800 -0.109 -0.389 -4.196 1.464 1.623
9.810 -0.120 -0.398 -4.197 1.452 1.657
9.820 -0.132 -0.407 -4.198 1.440 1.690
9.830 -0.143 -0.416 -4.198 1.428 1.724
9.840 -0.154 -0.424 -4.199 1.415 1.756
9.850 -0.165 -0.432 -4.200 1.403 1.788
9.860 -0.176 -0.441 -4.200 1.390 1.819
9.870 -0.188 -0.449 -4.200 1.376 1.850
9.880 -0.199 -0.457 -4.201 1.363 1.880
9.890 -0.209 -0.465 -4.201 1.349 1.909
9.900 -0.220 -0.473 -4.201 1.335 1.938
9.910 -0.231 -0.480 -4.201 1.321 1.966
9.920 -0.242 -0.488 -4.200 1.307 1.993
9.930 -0.252 -0.495 -4.200 1.293 2.019
9.940 -0.263 -0.502 -4.199 1.278 2.045
9.950 -0.273 -0.510 -4.199 1.264 2.069
9.960 -0.284 -0.516 -4.198 1.249 2.093
9.970 -0.294 -0.523 -4.197 1.234 2.115
9.980 -0.304 -0.530 -4.196 1.219 2.137
9.990 -0.314 -0.536 -4.195 1.204 2.158
10.000 -0.324 -0.543 -4.194 1.189 2.178
10.010 -0.334 -0.549 -4.192 1.174 2.197
10.020 -0.344 -0.555 -4.191 1.159 2.215
10.030 -0.353 -0.561 -4.189 1.144 2.233
10.040 -0.363 -0.567 -4.188 1.128 2.249
10.050 -0.372 -0.572 -4.186 1.113 2.264
10.060 -0.382 -0.578 -4.184 1.098 2.279
10.070 -0.391 -0.583 -4.182 1.083 2.292
10.080 -0.400 -0.588 -4.179 1.067 2.305
10.090 -0.409 -0.593 -4.177 1.052 2.316
10.100 -0.418 -0.598 -4.175 1.037 2.327
10.110 -0.427 -0.603 -4.172 1.022 2.337
10.120 -0.435 -0.607 -4.169 1.007 2.346
10.130 -0.444 -0.612 -4.166 0.992 2.354
10.140 -0.452 -0.616 -4.164 0.978 2.361
10.150 -0.460 -0.620 -4.161 0.963 2.367
10.160 -0.468 -0.624 -4.157 0.948 2.373
10.170 -0.476 -0.627 -4.154 0.934 2.378
10.180 -0.484 -0.631 -4.151 0.920 2.382
10.190 -0.492 -0.634 -4.147 0.906 2.385
10.200 -0.499 -0.637 -4.144 0.892 2.387
10.210 -0.507 -0.640 -4.140 0.878 2.389
10.220 -0.514 -0.643 -4.136 0.865 2.390
10.230 -0.521 -0.646 -4.133 0.852 2.390
10.240 -0.528 -0.648 -4.129 0.839 2.390
10.250 -0.535 -0.651 -4.125 0.826 2.389
10.260 -0.542 -0.653 -4.120 0.813 2.388
10.270 -0.548 -0.655 -4.116 0.801 2.386
10.280 -0.554 -0.657 -4.112 0.789 2.383
10.290 -0.561 -0.658 -4.108 0.777 2.380
10.300 -0.567 -0.660 -4.103 0.766 2.377
10.310 -0.573 -0.661 -4.099 0.755 2.373
10.320 -0.579 -0.662 -4.094 0.744 2.369
10.330 -0.584 -0.663 -4.090 0.734 2.365
10.340 -0.590 -0.664 -4.085 0.724 2.360
10.350 -0.595 -0.665 -4.080 0.714 2.355
10.360 -0.600 -0.665 -4.076 0.704 2.350
10.370 -0.605 -0.665 -4.071 0.695 2.344
10.380 -0.610 -0.665 -4.066 0.687 2.338
10.390 -0.615 -0.665 -4.061 0.678 2.333
10.400 -0.619 -0.665 -4.056 0.670 2.327
10.410 -0.624 -0.665 -4.051 0.663 2.321
10.420 -0.628 -0.664 -4.046 0.656 2.315
10.430 -0.632 -0.664 -4.041 0.649 2.309
10.440 -0.636 -0.663 -4.036 0.643 2.303
10.450 -0.640 -0.662 -4.031 0.637 2.297
10.460 -0.643 -0.660 -4.026 0.631 2.291
10.470 -0.647 -0.659 -4.021 0.626 2.285
10.480 -0.650 -0.658 -4.016 0.622 2.279
10.490 -0.653 -0.656 -4.011 0.617 2.273
10.500 -0.656 -0.654 -4.006 0.614 2.267
10.510 -0.659 -0.652 -4.001 0.610 2.262
10.520 -0.661 -0.650 -3.996 0.607 2.257
10.530 -0.664 -0.648 -3.991 0.605 2.252
10.540 -0.666 -0.645 -3.986 0.603 2.247
10.550 -0.668 -0.643 -3.981 0.601 2.243
10.560 -0.670 -0.640 -3.976 0.600 2.238
10.570 -0.672 -0.637 -3.971 0.599 2.235
10.580 -0.674 -0.634 -3.966 0.599 2.231
10.590 -0.675 -0.631 -3.961 0.599 2.228
10.600 -0.676 -0.627 -3.956 0.599 2.226
10.610 -0.678 -0.624 -3.952 0.600 2.224
10.620 -0.679 -0.620 -3.947 0.601 2.222
10.630 -0.679 -0.616 -3.942 0.603 2.220
10.640 -0.680 -0.612 -3.938 0.605 2.219
10.650 -0.681 -0.608 -3.933 0.608 2.219
10.660 -0.681 -0.604 -3.929 0.610 2.219
10.670 -0.681 -0.600 -3.925 0.614 2.219
10.680 -0.681 -0.595 -3.920 0.617 2.219
10.690 -0.681 -0.590 -3.916 0.621 2.220
10.700 -0.681 -0.586 -3.912 0.626 2.222
10.710 -0.681 -0.581 -3.908 0.631 2.223
10.720 -0.680 -0.576 -3.904 0.636 2.225
10.730 -0.679 -0.571 -3.901 0.641 2.227
10.740 -0.678 -0.565 -3.897 0.647 2.229
10.750 -0.677 -0.560 -3.893 0.653 2.231
10.760 -0.676 -0.555 -3.890 0.660 2.233
10.770 -0.675 -0.549 -3.887 0.667 2.236
10.780 -0.674 -0.543 -3.883 0.674 2.238
10.790 -0.672 -0.537 -3.880 0.681 2.240
10.800 -0.670 -0.531 -3.877 0.689 2.243
10.810 -0.668 -0.525 -3.874 0.697 2.245
10.820 -0.666 -0.519 -3.872 0.706 2.248
10.830 -0.664 -0.513 -3.869 0.714 2.250
10.840 -0.662 -0.506 -3.867 0.723 2.252
10.850 -0.659 -0.500 -3.864 0.733 2.254
10.860 -0.657 -0.493 -3.862 0.742 2.255
10.870 -0.654 -0.487 -3.860 0.752 2.257
10.880 -0.651 -0.480 -3.858 0.762 2.258
10.890 -0.648 -0.473 -3.857 0.773 2.258
10.900 -0.645 -0.466 -3.855 0.784 2.259
10.910 -0.641 -0.459 -3.854 0.794 2.258
10.920 -0.638 -0.452 -3.853 0.806 2.258
10.930 -0.634 -0.444 -3.851 0.817 2.257
10.940 -0.631 -0.437 -3.851 0.828 2.255
10.950 -0.627 -0.430 -3.850 0.840 2.253
10.960 -0.623 -0.422 -3.849 0.852 2.250
10.970 -0.619 -0.415 -3.849 0.864 2.247
10.980 -0.614 -0.407 -3.849 0.877 2.243
10.990 -0.610 -0.399 -3.848 0.889 2.238
11.000 -0.606 -0.391 -3.849 0.902 2.232
11.010 -0.601 -0.383 -3.849 0.915 2.226
11.020 -0.596 -0.375 -3.849 0.927 2.219
11.030 -0.591 -0.367 -3.850 0.940 2.210
11.040 -0.586 -0.359 -3.851 0.954 2.201
11.050 -0.581 -0.351 -3.852 0.967 2.190
11.060 -0.576 -0.343 -3.853 0.980 2.179
11.070 -0.571 -0.335 -3.854 0.993 2.166
11.080 -0.565 -0.326 -3.855 1.007 2.152
11.090 -0.560 -0.318 -3.857 1.020 2.137
11.100 -0.554 -0.309 -3.859 1.034 2.121
11.110 -0.548 -0.301 -3.861 1.047 2.103
11.120 -0.542 -0.292 -3.863 1.061 2.084
11.130 -0.536 -0.284 -3.865 1.074 2.064
11.140 -0.530 -0.275 -3.868 1.088 2.043
11.150 -0.524 -0.266 -3.870 1.101 2.020
11.160 -0.518 -0.258 -3.873 1.114 1.997
11.170 -0.511 -0.249 -3.876 1.128 1.971
11.180 -0.505 -0.240 -3.879 1.141 1.945
11.190 -0.498 -0.231 -3.882 1.154 1.917
11.200 -0.491 -0.222 -3.886 1.167 1.888
11.210 -0.485 -0.213 -3.890 1.180 1.858
11.220 -0.478 -0.204 -3.893 1.192 1.826
11.230 -0.471 -0.195 -3.897 1.205 1.793
11.240 -0.464 -0.186 -3.901 1.217 1.759
11.250 -0.456 -0.177 -3.905 1.229 1.724
11.260 -0.449 -0.168 -3.910 1.241 1.687
11.270 -0.442 -0.159 -3.914 1.253 1.649
11.280 -0.434 -0.150 -3.919 1.264 1.610
11.290 -0.427 -0.141 -3.924 1.275 1.570
11.300 -0.419 -0.132 -3.928 1.286 1.529
11.310 -0.411 -0.123 -3.933 1.297 1.487
11.320 -0.404 -0.113 -3.939 1.307 1.444
11.330 -0.396 -0.104 -3.944 1.317 1.400
11.340 -0.388 -0.095 -3.949 1.327 1.355
11.350 -0.380 -0.086 -3.955 1.336 1.310
11.360 -0.372 -0.077 -3.960 1.345 1.263
11.370 -0.364 -0.067 -3.966 1.353 1.216
11.380 -0.355 -0.058 -3.972 1.362 1.169
11.390 -0.347 -0.049 -3.977 1.369 1.121
11.400 -0.339 -0.040 -3.983 1.377 1.072
11.410 -0.330 -0.031 -3.989 1.384 1.024
11.420 -0.322 -0.021 -3.995 1.390 0.975
11.430 -0.313 -0.012 -4.001 1.397 0.927
11.440 -0.305 -0.003 -4.008 1.402 0.879
11.450 -0.296 0.006 -4.014 1.407 0.832
11.460 -0.287 0.015 -4.020 1.412 0.786
11.470 -0.279 0.024 -4.027 1.417 0.741
11.480 -0.270 0.033 -4.033 1.420 0.698
11.490 -0.261 0.043 -4.039 1.424 0.658
11.500 -0.252 0.052 -4.046 1.427 0.620
11.510 -0.243 0.061 -4.052 1.429 0.587
11.520 -0.234 0.070 -4.059 1.431 0.558
11.530 -0.225 0.079 -4.066 1.433 0.535
11.540 -0.216 0.088 -4.072 1.433 0.519
11.550 -0.207 0.097 -4.079 1.434 0.510
11.560 -0.198 0.105 -4.085 1.434 0.509
11.570 -0.188 0.114 -4.092 1.433 0.516
11.580 -0.179 0.123 -4.098 1.432 0.530
11.590 -0.170 0.132 -4.105 1.431 0.552
11.600 -0.161 0.141 -4.111 1.428 0.580
11.610 -0.151 0.149 -4.118 1.426 0.614
11.620 -0.142 0.158 -4.124 1.423 0.652
11.630 -0.133 0.166 -4.130 1.419 0.694
11.640 -0.123 0.175 -4.137 1.415 0.739
11.650 -0.114 0.183 -4.143 1.410 0.786
11.660 -0.105 0.192 -4.149 1.405 0.836
11.670 -0.095 0.200 -4.155 1.399 0.886
11.680 -0.086 0.208 -4.161 1.393 0.938
11.690 -0.076 0.217 -4.167 1.387 0.991
11.700 -0.067 0.225 -4.173 1.380 1.045
11.710 -0.057 0.233 -4.179 1.372 1.099
11.720 -0.048 0.241 -4.185 1.364 1.153
11.730 -0.039 0.249 -4.191 1.356 1.207
11.740 -0.029 0.257 -4.196 1.347 1.261
11.750 -0.020 0.264 -4.202 1.337 1.315
11.760 -0.010 0.272 -4.207 1.328 1.369
11.770 -0.001 0.280 -4.212 1.317 1.422
11.780 0.008 0.287 -4.217 1.307 1.475
11.790 0.018 0.295 -4.222 1.296 1.527
11.800 0.027 0.302 -4.227 1.285 1.579
11.810 0.036 0.309 -4.232 1.273 1.630
11.820 0.046 0.317 -4.236 1.261 1.680
11.830 0.055 0.324 -4.241 1.248 1.729
11.840 0.064 0.331 -4.245 1.236 1.778
11.850 0.073 0.338 -4.249 1.223 1.825
11.860 0.083 0.344 -4.253 1.210 1.872
11.870 0.092 0.351 -4.257 1.196 1.917
11.880 0.101 0.358 -4.260 1.182 1.962
11.890 0.110 0.364 -4.264 1.168 2.005
11.900 0.119 0.371 -4.267 1.154 2.047
11.910 0.128 0.377 -4.270 1.140 2.088
11.920 0.137 0.383 -4.273 1.125 2.128
11.930 0.146 0.389 -4.276 1.111 2.166
11.940 0.155 0.395 -4.279 1.096 2.204
11.950 0.163 0.401 -4.281 1.081 2.240
11.960 0.172 0.407 -4.283 1.066 2.274
11.970 0.181 0.412 -4.285 1.051 2.307
11.980 0.189 0.418 -4.287 1.036 2.339
11.990 0.198 0.423 -4.289 1.021 2.369
12.000 0.206 0.428 -4.290 1.006 2.398
12.010 0.215 0.434 -4.291 0.992 2.426
12.020 0.223 0.439 -4.293 0.977 2.452
12.030 0.231 0.444 -4.293 0.962 2.476
12.040 0.239 0.448 -4.294 0.948 2.499
12.050 0.247 0.453 -4.294 0.934 2.520
12.060 0.256 0.457 -4.295 0.920 2.540
12.070 0.263 0.462 -4.295 0.906 2.558
12.080 0.271 0.466 -4.295 0.893 2.575
12.090 0.279 0.470 -4.294 0.880 2.590
12.100 0.287 0.474 -4.294 0.867 2.603
12.110 0.294 0.478 -4.293 0.855 2.615
12.120 0.302 0.482 -4.292 0.843 2.624
12.130 0.309 0.485 -4.291 0.831 2.632
12.140 0.317 0.489 -4.289 0.820 2.638
12.150 0.324 0.492 -4.287 0.810 2.642
12.160 0.331 0.495 -4.286 0.800 2.645
12.170 0.338 0.498 -4.284 0.791 2.646
12.180 0.345 0.501 -4.281 0.782 2.645
12.190 0.352 0.504 -4.279 0.774 2.642
12.200 0.358 0.507 -4.276 0.766 2.638
12.210 0.365 0.509 -4.274 0.759 2.631
12.220 0.371 0.511 -4.271 0.753 2.624
12.230 0.378 0.514 -4.267 0.747 2.614
12.240 0.384 0.516 -4.264 0.742 2.604
12.250 0.390 0.517 -4.260 0.738 2.591
12.260 0.396 0.519 -4.257 0.734 2.577
12.270 0.402 0.521 -4.253 0.731 2.562
12.280 0.408 0.522 -4.249 0.728 2.546
12.290 0.414 0.524 -4.244 0.726 2.528
12.300 0.419 0.525 -4.240 0.725 2.509
12.310 0.425 0.526 -4.235 0.724 2.488
12.320 0.430 0.527 -4.230 0.723 2.467
12.330 0.435 0.528 -4.225 0.723 2.444
12.340 0.440 0.528 -4.220 0.724 2.421
12.350 0.445 0.529 -4.215 0.725 2.396
12.360 0.450 0.529 -4.210 0.726 2.371
12.370 0.455 0.529 -4.204 0.728 2.345
12.380 0.460 0.529 -4.199 0.730 2.319
12.390 0.464 0.529 -4.193 0.733 2.292
12.400 0.468 0.529 -4.187 0.735 2.264
12.410 0.473 0.529 -4.181 0.738 2.236
12.420 0.477 0.528 -4.175 0.741 2.208
12.430 0.481 0.528 -4.168 0.745 2.179
12.440 0.485 0.527 -4.162 0.748 2.151
12.450 0.488 0.526 -4.155 0.752 2.122
12.460 0.492 0.525 -4.149 0.755 2.093
12.470 0.495 0.524 -4.142 0.759 2.065
12.480 0.499 0.522 -4.136 0.762 2.037
12.490 0.502 0.521 -4.129 0.766 2.010
12.500 0.505 0.519 -4.122 0.769 1.983
12.510 0.508 0.517 -4.115 0.772 1.957
12.520 0.511 0.516 -4.108 0.776 1.931
12.530 0.513 0.514 -4.101 0.779 1.907
12.540 0.516 0.512 -4.094 0.782 1.884
12.550 0.518 0.509 -4.087 0.785 1.862
12.560 0.521 0.507 -4.080 0.787 1.841
12.570 0.523 0.504 -4.072 0.790 1.822
12.580 0.525 0.502 -4.065 0.792 1.805
12.590 0.527 0.499 -4.058 0.794 1.789
12.600 0.529 0.496 -4.051 0.796 1.775
12.610 0.530 0.493 -4.044 0.797 1.763
12.620 0.532 0.490 -4.036 0.798 1.752
12.630 0.533 0.487 -4.029 0.800 1.744
12.640 0.534 0.484 -4.022 0.800 1.738
12.650 0.535 0.480 -4.015 0.801 1.734
12.660 0.536 0.477 -4.008 0.801 1.732
12.670 0.537 0.473 -4.001 0.801 1.732
12.680 0.538 0.469 -3.994 0.801 1.734
12.690 0.539 0.465 -3.987 0.801 1.738
12.700 0.539 0.461 -3.980 0.800 1.744
12.710 0.539 0.457 -3.973 0.799 1.752
12.720 0.540 0.453 -3.966 0.798 1.762
12.730 0.540 0.449 -3.959 0.796 1.774
12.740 0.540 0.444 -3.953 0.795 1.787
12.750 0.540 0.440 -3.946 0.793 1.802
12.760 0.539 0.435 -3.940 0.791 1.818
12.770 0.539 0.431 -3.933 0.789 1.836
12.780 0.539 0.426 -3.927 0.787 1.855
12.790 0.538 0.421 -3.921 0.784 1.875
12.800 0.537 0.416 -3.915 0.782 1.895
12.810 0.536 0.411 -3.909 0.780 1.917
12.820 0.535 0.406 -3.903 0.777 1.939
12.830 0.534 0.401 -3.898 0.774 1.962
12.840 0.533 0.395 -3.892 0.772 1.985
12.850 0.532 0.390 -3.887 0.769 2.009
12.860 0.530 0.385 -3.882 0.767 2.032
12.870 0.529 0.379 -3.877 0.764 2.056
12.880 0.527 0.373 -3.872 0.762 2.080
12.890 0.525 0.368 -3.867 0.759 2.104
12.900 0.524 0.362 -3.863 0.757 2.128
12.910 0.522 0.356 -3.858 0.755 2.151
12.920 0.519 0.350 -3.854 0.754 2.174
12.930 0.517 0.344 -3.850 0.752 2.197
12.940 0.515 0.338 -3.846 0.751 2.219
12.950 0.512 0.332 -3.843 0.750 2.240
12.960 0.510 0.326 -3.839 0.750 2.261
12.970 0.507 0.320 -3.836 0.750 2.281
12.980 0.505 0.314 -3.833 0.750 2.300
12.990 0.502 0.307 -3.830 0.751 2.318
13.000 0.499 0.301 -3.827 0.752 2.335
13.010 0.496 0.294 -3.825 0.753 2.351
13.020 0.493 0.288 -3.822 0.755 2.366
13.030 0.489 0.281 -3.820 0.758 2.380
13.040 0.486 0.275 -3.819 0.761 2.393
13.050 0.483 0.268 -3.817 0.764 2.405
13.060 0.479 0.261 -3.816 0.768 2.415
13.070 0.476 0.255 -3.814 0.773 2.424
13.080 0.472 0.248 -3.813 0.778 2.432
13.090 0.468 0.241 -3.813 0.783 2.438
13.100 0.464 0.234 -3.812 0.789 2.443
13.110 0.460 0.227 -3.812 0.796 2.446
13.120 0.456 0.220 -3.812 0.803 2.448
13.130 0.452 0.213 -3.812 0.811 2.448
13.140 0.448 0.206 -3.812 0.819 2.447
13.150 0.444 0.199 -3.813 0.828 2.443
13.160 0.439 0.192 -3.814 0.837 2.438
13.170 0.435 0.185 -3.815 0.846 2.431
13.180 0.430 0.178 -3.816 0.856 2.422
13.190 0.425 0.171 -3.818 0.866 2.411
13.200 0.421 0.164 -3.819 0.877 2.398
13.210 0.416 0.157 -3.821 0.888 2.383
13.220 0.411 0.149 -3.824 0.899 2.366
13.230 0.406 0.142 -3.826 0.911 2.347
13.240 0.401 0.135 -3.829 0.922 2.326
13.250 0.396 0.128 -3.831 0.934 2.303
13.260 0.391 0.120 -3.835 0.946 2.278
13.270 0.385 0.113 -3.838 0.959 2.251
13.280 0.380 0.106 -3.841 0.971 2.222
13.290 0.375 0.098 -3.845 0.983 2.191
13.300 0.369 0.091 -3.849 0.996 2.158
13.310 0.364 0.084 -3.853 1.008 2.123
13.320 0.358 0.076 -3.857 1.021 2.087
13.330 0.352 0.069 -3.862 1.033 2.049
13.340 0.347 0.062 -3.866 1.046 2.009
13.350 0.341 0.054 -3.871 1.058 1.967
13.360 0.335 0.047 -3.876 1.070 1.924
13.370 0.329 0.039 -3.882 1.082 1.879
13.380 0.323 0.032 -3.887 1.094 1.832
13.390 0.317 0.025 -3.892 1.105 1.784
13.400 0.311 0.017 -3.898 1.117 1.734
13.410 0.304 0.010 -3.904 1.128 1.684
13.420 0.298 0.003 -3.910 1.138 1.631
13.430 0.292 -0.005 -3.916 1.149 1.578
13.440 0.286 -0.012 -3.923 1.159 1.523
13.450 0.279 -0.020 -3.929 1.168 1.468
13.460 0.273 -0.027 -3.936 1.178 1.411
13.470 0.266 -0.034 -3.942 1.187 1.354
13.480 0.260 -0.041 -3.949 1.195 1.296
13.490 0.253 -0.049 -3.956 1.203 1.237
13.500 0.246 -0.056 -3.963 1.211 1.179
13.510 0.240 -0.063 -3.970 1.218 1.119
13.520 0.233 -0.070 -3.977 1.225 1.060
13.530 0.226 -0.078 -3.985 1.231 1.001
13.540 0.219 -0.085 -3.992 1.236 0.943
13.550 0.212 -0.092 -4.000 1.242 0.886
13.560 0.205 -0.099 -4.007 1.246 0.830
13.570 0.198 -0.106 -4.015 1.250 0.775
13.580 0.191 -0.113 -4.022 1.254 0.724
13.590 0.184 -0.120 -4.030 1.256 0.675
13.600 0.177 -0.127 -4.038 1.259 0.631
13.610 0.170 -0.134 -4.046 1.261 0.593
13.620 0.163 -0.141 -4.053 1.262 0.561
13.630 0.156 -0.148 -4.061 1.262 0.538
13.640 0.149 -0.155 -4.069 1.262 0.523
13.650 0.142 -0.161 -4.077 1.262 0.519
13.660 0.134 -0.168 -4.085 1.260 0.526
13.670 0.127 -0.175 -4.093 1.259 0.542
13.680 0.120 -0.181 -4.100 1.256 0.568
13.690 0.112 -0.188 -4.108 1.253 0.602
13.700 0.105 -0.194 -4.116 1.249 0.642
13.710 0.098 -0.201 -4.124 1.245 0.688
13.720 0.090 -0.207 -4.131 1.240 0.738
13.730 0.083 -0.214 -4.139 1.235 0.791
13.740 0.076 -0.220 -4.146 1.229 0.846
13.750 0.068 -0.226 -4.154 1.222 0.904
13.760 0.061 -0.232 -4.161 1.215 0.963
13.770 0.053 -0.238 -4.169 1.208 1.023
13.780 0.046 -0.244 -4.176 1.199 1.084
13.790 0.039 -0.250 -4.183 1.191 1.145
13.800 0.031 -0.256 -4.190 1.181 1.206
13.810 0.024 -0.262 -4.197 1.171 1.267
13.820 0.016 -0.268 -4.204 1.161 1.328
13.830 0.009 -0.273 -4.211 1.150 1.388
13.840 0.001 -0.279 -4.217 1.139 1.448
13.850 -0.006 -0.285 -4.224 1.127 1.508
13.860 -0.013 -0.290 -4.230 1.115 1.566
13.870 -0.021 -0.295 -4.236 1.102 1.624
13.880 -0.028 -0.301 -4.242 1.089 1.681
13.890 -0.035 -0.306 -4.248 1.075 1.737
13.900 -0.043 -0.311 -4.254 1.061 1.792
13.910 -0.050 -0.316 -4.260 1.047 1.846
13.920 -0.057 -0.321 -4.265 1.033 1.899
13.930 -0.065 -0.326 -4.270 1.018 1.950
13.940 -0.072 -0.330 -4.275 1.002 2.001
13.950 -0.079 -0.335 -4.280 0.987 2.050
13.960 -0.086 -0.340 -4.285 0.971 2.097
13.970 -0.093 -0.344 -4.289 0.955 2.143
13.980 -0.100 -0.348 -4.294 0.939 2.188
13.990 -0.107 -0.353 -4.298 0.923 2.231
14.000 -0.114 -0.357 -4.302 0.907 2.273
14.010 -0.121 -0.361 -4.305 0.890 2.313
14.020 -0.128 -0.365 -4.309 0.874 2.352
14.030 -0.135 -0.369 -4.312 0.857 2.389
14.040 -0.142 -0.373 -4.315 0.841 2.424
14.050 -0.149 -0.376 -4.318 0.825 2.458
14.060 -0.156 -0.380 -4.321 0.808 2.490
14.070 -0.162 -0.383 -4.323 0.792 2.520
14.080 -0.169 -0.387 -4.326 0.777 2.548
14.090 -0.176 -0.390 -4.327 0.761 2.575
14.100 -0.182 -0.393 -4.329 0.746 2.600
14.110 -0.189 -0.396 -4.331 0.731 2.623
14.120 -0.195 -0.399 -4.332 0.717 2.644
14.130 -0.202 -0.401 -4.333 0.703 2.664
14.140 -0.208 -0.404 -4.334 0.689 2.681
14.150 -0.214 -0.407 -4.335 0.677 2.697
14.160 -0.220 -0.409 -4.335 0.664 2.711
14.170 -0.226 -0.411 -4.335 0.653 2.723
14.180 -0.232 -0.414 -4.335 0.643 2.733
14.190 -0.238 -0.416 -4.334 0.633 2.741
14.200 -0.244 -0.418 -4.334 0.624 2.747
14.210 -0.250 -0.420 -4.333 0.616 2.751
14.220 -0.256 -0.421 -4.332 0.609 2.752
14.230 -0.262 -0.423 -4.331 0.603 2.752
14.240 -0.267 -0.424 -4.329 0.598 2.749
14.250 -0.273 -0.426 -4.327 0.595 2.744
14.260 -0.278 -0.427 -4.325 0.592 2.737
14.270 -0.283 -0.428 -4.323 0.590 2.728
14.280 -0.289 -0.429 -4.321 0.590 2.717
14.290 -0.294 -0.430 -4.318 0.590 2.703
14.300 -0.299 -0.431 -4.315 0.592 2.688
14.310 -0.304 -0.431 -4.312 0.594 2.671
14.320 -0.309 -0.432 -4.309 0.597 2.652
14.330 -0.314 -0.432 -4.305 0.602 2.630
14.340 -0.318 -0.433 -4.301 0.607 2.607
14.350 -0.323 -0.433 -4.297 0.613 2.583
14.360 -0.328 -0.433 -4.293 0.619 2.556
14.370 -0.332 -0.433 -4.289 0.626 2.528
14.380 -0.336 -0.433 -4.284 0.634 2.498
14.390 -0.341 -0.432 -4.279 0.643 2.467
14.400 -0.345 -0.432 -4.274 0.651 2.434
14.410 -0.349 -0.431 -4.269 0.660 2.399
14.420 -0.353 -0.431 -4.264 0.670 2.363
14.430 -0.357 -0.430 -4.258 0.679 2.327
14.440 -0.360 -0.429 -4.252 0.689 2.288
14.450 -0.364 -0.428 -4.247 0.699 2.249
14.460 -0.368 -0.427 -4.241 0.709 2.209
14.470 -0.371 -0.426 -4.234 0.719 2.168
14.480 -0.375 -0.424 -4.228 0.729 2.126
14.490 -0.378 -0.423 -4.222 0.739 2.084
14.500 -0.381 -0.421 -4.215 0.749 2.041
14.510 -0.384 -0.419 -4.208 0.759 1.998
14.520 -0.387 -0.418 -4.201 0.768 1.954
14.530 -0.390 -0.416 -4.194 0.778 1.911
14.540 -0.393 -0.414 -4.187 0.787 1.867
14.550 -0.395 -0.412 -4.180 0.796 1.824
14.560 -0.398 -0.409 -4.173 0.804 1.782
14.570 -0.400 -0.407 -4.165 0.812 1.740
14.580 -0.403 -0.405 -4.158 0.820 1.699
14.590 -0.405 -0.402 -4.150 0.827 1.659
14.600 -0.407 -0.399 -4.143 0.834 1.620
14.610 -0.409 -0.397 -4.135 0.841 1.583
14.620 -0.411 -0.394 -4.127 0.847 1.547
14.630 -0.413 -0.391 -4.120 0.852 1.514
14.640 -0.414 -0.388 -4.112 0.857 1.482
14.650 -0.416 -0.385 -4.104 0.862 1.454
14.660 -0.417 -0.381 -4.096 0.866 1.427
14.670 -0.419 -0.378 -4.088 0.870 1.404
14.680 -0.420 -0.375 -4.080 0.873 1.384
14.690 -0.421 -0.371 -4.072 0.876 1.367
14.700 -0.422 -0.368 -4.064 0.878 1.354
14.710 -0.423 -0.364 -4.056 0.880 1.344
14.720 -0.424 -0.360 -4.048 0.881 1.338
14.730 -0.425 -0.356 -4.041 0.882 1.335
14.740 -0.426 -0.352 -4.033 0.882 1.336
14.750 -0.426 -0.348 -4.025 0.882 1.341
14.760 -0.427 -0.344 -4.017 0.881 1.350
14.770 -0.427 -0.340 -4.009 0.880 1.361
14.780 -0.428 -0.336 -4.002 0.878 1.376
14.790 -0.428 -0.331 -3.994 0.876 1.394
14.800 -0.428 -0.327 -3.986 0.873 1.415
14.810 -0.428 -0.323 -3.979 0.870 1.439
14.820 -0.428 -0.318 -3.972 0.867 1.464
14.830 -0.427 -0.313 -3.964 0.863 1.492
14.840 -0.427 -0.309 -3.957 0.858 1.522
14.850 -0.427 -0.304 -3.950 0.854 1.553
14.860 -0.426 -0.299 -3.943 0.849 1.586
14.870 -0.426 -0.294 -3.936 0.843 1.620
14.880 -0.425 -0.289 -3.929 0.838 1.655
14.890 -0.424 -0.284 -3.923 0.832 1.691
14.900 -0.423 -0.279 -3.916 0.826 1.727
14.910 -0.422 -0.274 -3.910 0.819 1.763
14.920 -0.421 -0.269 -3.904 0.813 1.800
14.930 -0.420 -0.264 -3.898 0.806 1.837
14.940 -0.419 -0.259 -3.892 0.799 1.874
14.950 -0.418 -0.253 -3.886 0.792 1.910
14.960 -0.416 -0.248 -3.881 0.785 1.947
14.970 -0.415 -0.243 -3.875 0.777 1.982
14.980 -0.413 -0.237 -3.870 0.770 2.018
14.990 -0.412 -0.232 -3.865 0.763 2.052
15.000 -0.410 -0.226 -3.860 0.756 2.086
15.010 -0.408 -0.221 -3.855 0.749 2.119
15.020 -0.406 -0.215 -3.851 0.742 2.151
15.030 -0.404 -0.209 -3.847 0.736 2.182
15.040 -0.402 -0.204 -3.843 0.729 2.211
15.050 -0.400 -0.198 -3.839 0.723 2.240
15.060 -0.398 -0.192 -3.835 0.718 2.267
15.070 -0.395 -0.186 -3.832 0.712 2.294
15.080 -0.393 -0.181 -3.829 0.707 2.318
15.090 -0.390 -0.175 -3.826 0.703 2.342
15.100 -0.388 -0.169 -3.823 0.699 2.364
15.110 -0.385 -0.163 -3.820 0.695 2.384
15.120 -0.383 -0.157 -3.818 0.693 2.403
15.130 -0.380 -0.151 -3.816 0.690 2.421
15.140 -0.377 -0.145 -3.814 0.689 2.436
15.150 -0.374 -0.139 -3.812 0.688 2.451
15.160 -0.371 -0.133 -3.811 0.688 2.463
15.170 -0.368 -0.127 -3.810 0.688 2.474
15.180 -0.365 -0.121 -3.809 0.689 2.483
15.190 -0.362 -0.115 -3.808 0.691 2.490
15.200 -0.358 -0.109 -3.808 0.694 2.496
15.210 -0.355 -0.102 -3.808 0.697 2.500
15.220 -0.352 -0.096 -3.808 0.702 2.502
15.230 -0.348 -0.090 -3.808 0.706 2.502
15.240 -0.345 -0.084 -3.808 0.712 2.500
15.250 -0.341 -0.078 -3.809 0.718 2.496
15.260 -0.337 -0.072 -3.810 0.725 2.489
15.270 -0.334 -0.066 -3.811 0.733 2.481
15.280 -0.330 -0.059 -3.813 0.741 2.470
15.290 -0.326 -0.053 -3.815 0.749 2.457
15.300 -0.322 -0.047 -3.817 0.759 2.441
15.310 -0.318 -0.041 -3.819 0.768 2.424
15.320 -0.314 -0.035 -3.821 0.779 2.404
15.330 -0.310 -0.028 -3.824 0.789 2.382
15.340 -0.306 -0.022 -3.827 0.800 2.358
15.350 -0.302 -0.016 -3.830 0.811 2.332
15.360 -0.297 -0.010 -3.833 0.823 2.303
15.370 -0.293 -0.004 -3.837 0.834 2.273
15.380 -0.289 0.003 -3.840 0.846 2.240
15.390 -0.284 0.009 -3.844 0.858 2.206
15.400 -0.280 0.015 -3.849 0.870 2.169
15.410 -0.275 0.021 -3.853 0.883 2.131
15.420 -0.271 0.027 -3.858 0.895 2.090
15.430 -0.266 0.033 -3.862 0.907 2.048
15.440 -0.261 0.040 -3.867 0.919 2.004
15.450 -0.257 0.046 -3.873 0.931 1.958
15.460 -0.252 0.052 -3.878 0.943 1.911
15.470 -0.247 0.058 -3.883 0.954 1.862
15.480 -0.242 0.064 -3.889 0.966 1.812
15.490 -0.237 0.070 -3.895 0.977 1.760
15.500 -0.232 0.076 -3.901 0.988 1.707
15.510 -0.227 0.082 -3.907 0.999 1.652
15.520 -0.222 0.088 -3.914 1.009 1.597
15.530 -0.217 0.094 -3.920 1.019 1.540
15.540 -0.212 0.100 -3.927 1.028 1.483
15.550 -0.207 0.106 -3.934 1.038 1.424
15.560 -0.201 0.112 -3.941 1.046 1.365
15.570 -0.196 0.117 -3.948 1.055 1.306
15.580 -0.191 0.123 -3.955 1.062 1.246
15.590 -0.185 0.129 -3.962 1.070 1.186
15.600 -0.180 0.135 -3.969 1.077 1.126
15.610 -0.175 0.141 -3.977 1.083 1.066
15.620 -0.169 0.146 -3.984 1.089 1.007
15.630 -0.164 0.152 -3.992 1.094 0.949
15.640 -0.158 0.157 -4.000 1.099 0.892
15.650 -0.153 0.163 -4.007 1.103 0.837
15.660 -0.147 0.168 -4.015 1.106 0.785
15.670 -0.142 0.174 -4.023 1.109 0.736
15.680 -0.136 0.179 -4.031 1.112 0.691
15.690 -0.130 0.185 -4.039 1.113 0.652
15.700 -0.125 0.190 -4.047 1.115 0.618
15.710 -0.119 0.195 -4.055 1.115 0.593
15.720 -0.113 0.201 -4.063 1.115 0.576
15.730 -0.107 0.206 -4.071 1.114 0.568
15.740 -0.102 0.211 -4.079 1.113 0.570
15.750 -0.096 0.216 -4.087 1.111 0.583
15.760 -0.090 0.221 -4.095 1.108 0.604
15.770 -0.084 0.226 -4.103 1.105 0.633
15.780 -0.078 0.231 -4.111 1.101 0.669
15.790 -0.073 0.236 -4.119 1.097 0.711
15.800 -0.067 0.240 -4.127 1.092 0.758
15.810 -0.061 0.245 -4.134 1.086 0.808
15.820 -0.055 0.250 -4.142 1.080 0.861
15.830 -0.049 0.254 -4.150 1.073 0.917
15.840 -0.043 0.259 -4.158 1.065 0.974
15.850 -0.037 0.263 -4.165 1.057 1.032
15.860 -0.031 0.268 -4.173 1.048 1.091
15.870 -0.025 0.272 -4.180 1.039 1.150
15.880 -0.020 0.276 -4.187 1.029 1.210
15.890 -0.014 0.280 -4.194 1.019 1.270
15.900 -0.008 0.284 -4.202 1.008 1.330
15.910 -0.002 0.288 -4.209 0.997 1.389
15.920 0.004 0.292 -4.215 0.985 1.448
15.930 0.010 0.296 -4.222 0.972 1.506
15.940 0.016 0.300 -4.229 0.959 1.564
15.950 0.022 0.304 -4.235 0.946 1.620
15.960 0.027 0.307 -4.241 0.932 1.676
15.970 0.033 0.311 -4.248 0.918 1.731
15.980 0.039 0.314 -4.254 0.903 1.785
15.990 0.045 0.318 -4.259 0.888 1.837
16.000 0.051 0.321 -4.265 0.873 1.888
16.010 0.057 0.324 -4.271 0.858 1.939
16.020 0.062 0.327 -4.276 0.842 1.987
16.030 0.068 0.330 -4.281 0.825 2.035
16.040 0.074 0.333 -4.286 0.809 2.081
16.050 0.079 0.336 -4.291 0.792 2.125
16.060 0.085 0.339 -4.295 0.776 2.168
16.070 0.091 0.341 -4.300 0.759 2.210
16.080 0.096 0.344 -4.304 0.742 2.250
16.090 0.102 0.346 -4.308 0.725 2.288
16.100 0.107 0.348 -4.311 0.708 2.325
16.110 0.113 0.351 -4.315 0.691 2.360
16.120 0.118 0.353 -4.318 0.674 2.393
16.130 0.124 0.355 -4.321 0.657 2.424
16.140 0.129 0.357 -4.324 0.641 2.454
16.150 0.134 0.359 -4.327 0.625 2.482
16.160 0.140 0.360 -4.329 0.609 2.508
16.170 0.145 0.362 -4.332 0.593 2.533
16.180 0.150 0.364 -4.334 0.578 2.555
16.190 0.155 0.365 -4.335 0.564 2.576
16.200 0.161 0.366 -4.337 0.550 2.594
16.210 0.166 0.368 -4.338 0.537 2.611
16.220 0.171 0.369 -4.339 0.525 2.626
16.230 0.176 0.370 -4.340 0.513 2.639
16.240 0.181 0.371 -4.340 0.503 2.651
16.250 0.185 0.372 -4.341 0.494 2.660
16.260 0.190 0.372 -4.341 0.486 2.667
16.270 0.195 0.373 -4.341 0.479 2.673
16.280 0.200 0.373 -4.340 0.473 2.676
16.290 0.204 0.374 -4.340 0.469 2.677
16.300 0.209 0.374 -4.339 0.466 2.676
16.310 0.213 0.374 -4.338 0.464 2.673
16.320 0.218 0.374 -4.336 0.464 2.667
16.330 0.222 0.374 -4.335 0.465 2.660
16.340 0.226 0.374 -4.333 0.468 2.650
16.350 0.231 0.374 -4.331 0.472 2.637
16.360 0.235 0.374 -4.329 0.477 2.623
16.370 0.239 0.373 -4.326 0.483 2.606
16.380 0.243 0.373 -4.323 0.491 2.588
16.390 0.247 0.372 -4.320 0.499 2.567
16.400 0.251 0.371 -4.317 0.509 2.544
16.410 0.255 0.371 -4.314 0.519 2.519
16.420 0.258 0.370 -4.310 0.530 2.492
16.430 0.262 0.368 -4.306 0.541 2.464
16.440 0.266 0.367 -4.302 0.553 2.433
16.450 0.269 0.366 -4.298 0.566 2.401
16.460 0.273 0.365 -4.294 0.578 2.366
16.470 0.276 0.363 -4.289 0.592 2.330
16.480 0.279 0.362 -4.284 0.605 2.293
16.490 0.283 0.360 -4.279 0.618 2.254
16.500 0.286 0.358 -4.274 0.632 2.214
16.510 0.289 0.356 -4.269 0.645 2.172
16.520 0.292 0.354 -4.263 0.659 2.129
16.530 0.295 0.352 -4.257 0.672 2.084
16.540 0.297 0.350 -4.251 0.686 2.039
16.550 0.300 0.348 -4.245 0.699 1.992
16.560 0.303 0.346 -4.239 0.712 1.945
16.570 0.305 0.343 -4.233 0.724 1.897
16.580 0.308 0.341 -4.226 0.737 1.849
16.590 0.310 0.338 -4.220 0.749 1.799
16.600 0.313 0.336 -4.213 0.760 1.750
16.610 0.315 0.333 -4.206 0.772 1.700
16.620 0.317 0.330 -4.199 0.782 1.651
16.630 0.319 0.327 -4.192 0.793 1.601
16.640 0.321 0.324 -4.185 0.803 1.552
16.650 0.323 0.321 -4.178 0.812 1.503
16.660 0.325 0.318 -4.170 0.821 1.455
16.670 0.327 0.314 -4.163 0.830 1.409
16.680 0.328 0.311 -4.156 0.838 1.363
16.690 0.330 0.308 -4.148 0.845 1.319
16.700 0.331 0.304 -4.140 0.852 1.277
16.710 0.333 0.301 -4.133 0.858 1.238
16.720 0.334 0.297 -4.125 0.864 1.200
16.730 0.335 0.293 -4.117 0.869 1.166
16.740 0.336 0.289 -4.109 0.874 1.135
16.750 0.338 0.286 -4.102 0.878 1.108
16.760 0.338 0.282 -4.094 0.882 1.084
16.770 0.339 0.278 -4.086 0.885 1.065
16.780 0.340 0.274 -4.078 0.887 1.050
16.790 0.341 0.270 -4.070 0.889 1.040
16.800 0.342 0.265 -4.062 0.890 1.035
16.810 0.342 0.261 -4.055 0.891 1.035
16.820 0.343 0.257 -4.047 0.891 1.039
16.830 0.343 0.252 -4.039 0.890 1.048
16.840 0.343 0.248 -4.031 0.889 1.062
16.850 0.344 0.244 -4.024 0.888 1.080
16.860 0.344 0.239 -4.016 0.885 1.102
16.870 0.344 0.234 -4.008 0.883 1.127
16.880 0.344 0.230 -4.001 0.880 1.155
16.890 0.344 0.225 -3.994 0.876 1.187
16.900 0.344 0.220 -3.986 0.872 1.221
16.910 0.344 0.216 -3.979 0.867 1.257
16.920 0.343 0.211 -3.972 0.862 1.294
16.930 0.343 0.206 -3.965 0.857 1.333
16.940 0.342 0.201 -3.958 0.851 1.374
16.950 0.342 0.196 -3.951 0.844 1.415
16.960 0.341 0.191 -3.944 0.838 1.457
16.970 0.341 0.186 -3.938 0.830 1.499
16.980 0.340 0.181 -3.931 0.823 1.541
16.990 0.339 0.176 -3.925 0.815 1.584
17.000 0.338 0.171 -3.919 0.807 1.627
17.010 0.337 0.166 -3.913 0.799 1.669
17.020 0.336 0.161 -3.907 0.791 1.711
17.030 0.335 0.155 -3.901 0.782 1.752
17.040 0.334 0.150 -3.896 0.773 1.793
17.050 0.333 0.145 -3.890 0.764 1.832
17.060 0.331 0.140 -3.885 0.755 1.872
17.070 0.330 0.134 -3.880 0.746 1.910
17.080 0.328 0.129 -3.875 0.737 1.947
17.090 0.327 0.124 -3.870 0.728 1.983
17.100 0.325 0.118 -3.866 0.719 2.018
17.110 0.324 0.113 -3.862 0.710 2.052
17.120 0.322 0.107 -3.858 0.701 2.084
17.130 0.320 0.102 -3.854 0.692 2.115
17.140 0.318 0.096 -3.850 0.684 2.145
17.150 0.316 0.091 -3.846 0.676 2.173
17.160 0.314 0.086 -3.843 0.668 2.200
17.170 0.312 0.080 -3.840 0.661 2.225
17.180 0.310 0.075 -3.837 0.654 2.249
17.190 0.308 0.069 -3.835 0.648 2.271
17.200 0.306 0.064 -3.832 0.642 2.291
17.210 0.304 0.058 -3.830 0.637 2.310
17.220 0.301 0.052 -3.828 0.632 2.327
17.230 0.299 0.047 -3.826 0.628 2.342
17.240 0.296 0.041 -3.825 0.625 2.356
17.250 0.294 0.036 -3.824 0.622 2.368
17.260 0.291 0.030 -3.823 0.620 2.378
17.270 0.289 0.025 -3.822 0.619 2.386
17.280 0.286 0.019 -3.821 0.619 2.393
17.290 0.283 0.014 -3.821 0.620 2.398
17.300 0.280 0.008 -3.821 0.621 2.401
17.310 0.278 0.003 -3.821 0.623 2.402
17.320 0.275 -0.003 -3.821 0.626 2.401
17.330 0.272 -0.009 -3.822 0.630 2.398
17.340 0.269 -0.014 -3.823 0.634 2.393
17.350 0.266 -0.020 -3.824 0.639 2.385
17.360 0.263 -0.025 -3.825 0.645 2.376
17.370 0.259 -0.031 -3.826 0.652 2.364
17.380 0.256 -0.036 -3.828 0.659 2.350
17.390 0.253 -0.042 -3.830 0.667 2.334
17.400 0.250 -0.047 -3.832 0.675 2.315
17.410 0.246 -0.052 -3.835 0.684 2.295
17.420 0.243 -0.058 -3.837 0.693 2.273
17.430 0.240 -0.063 -3.840 0.703 2.248
17.440 0.236 -0.069 -3.843 0.713 2.221
17.450 0.233 -0.074 -3.847 0.723 2.193
17.460 0.229 -0.079 -3.850 0.734 2.162
17.470 0.225 -0.085 -3.854 0.745 2.129
17.480 0.222 -0.090 -3.858 0.755 2.095
17.490 0.218 -0.095 -3.862 0.766 2.059
17.500 0.214 -0.101 -3.866 0.778 2.021
17.510 0.210 -0.106 -3.871 0.789 1.981
17.520 0.207 -0.111 -3.876 0.800 1.940
17.530 0.203 -0.116 -3.880 0.811 1.896
17.540 0.199 -0.121 -3.885 0.822 1.852
17.550 0.195 -0.127 -3.891 0.833 1.806
17.560 0.191 -0.132 -3.896 0.843 1.758
17.570 0.187 -0.137 -3.902 0.854 1.710
17.580 0.183 -0.142 -3.907 0.864 1.660
17.590 0.179 -0.147 -3.913 0.874 1.609
17.600 0.175 -0.152 -3.919 0.883 1.557
17.610 0.170 -0.157 -3.925 0.893 1.504
17.620 0.166 -0.162 -3.932 0.902 1.450
17.630 0.162 -0.167 -3.938 0.910 1.396
17.640 0.158 -0.171 -3.945 0.919 1.341
17.650 0.153 -0.176 -3.951 0.926 1.286
17.660 0.149 -0.181 -3.958 0.934 1.231
17.670 0.145 -0.186 -3.965 0.940 1.175
17.680 0.140 -0.190 -3.972 0.947 1.120
17.690 0.136 -0.195 -3.979 0.953 1.066
17.700 0.132 -0.199 -3.986 0.958 1.012
17.710 0.127 -0.204 -3.994 0.963 0.960
17.720 0.123 -0.208 -4.001 0.967 0.909
17.730 0.118 -0.213 -4.008 0.971 0.861
17.740 0.114 -0.217 -4.016 0.974 0.815
17.750 0.109 -0.221 -4.023 0.977 0.772
17.760 0.104 -0.226 -4.031 0.979 0.733
17.770 0.100 -0.230 -4.038 0.981 0.700
17.780 0.095 -0.234 -4.046 0.981 0.672
17.790 0.091 -0.238 -4.054 0.982 0.650
17.800 0.086 -0.242 -4.061 0.981 0.636
17.810 0.081 -0.246 -4.069 0.981 0.630
17.820 0.077 -0.250 -4.077 0.979 0.631
17.830 0.072 -0.254 -4.084 0.977 0.641
17.840 0.067 -0.258 -4.092 0.974 0.658
17.850 0.062 -0.261 -4.100 0.971 0.682
17.860 0.058 -0.265 -4.107 0.967 0.713
17.870 0.053 -0.268 -4.115 0.963 0.748
17.880 0.048 -0.272 -4.122 0.958 0.788
17.890 0.043 -0.275 -4.130 0.952 0.831
17.900 0.039 -0.279 -4.137 0.946 0.878
17.910 0.034 -0.282 -4.145 0.939 0.926
17.920 0.029 -0.285 -4.152 0.931 0.977
17.930 0.024 -0.288 -4.159 0.923 1.029
17.940 0.020 -0.292 -4.166 0.915 1.082
17.950 0.015 -0.295 -4.173 0.906 1.135
17.960 0.010 -0.297 -4.180 0.896 1.189
17.970 0.005 -0.300 -4.187 0.886 1.243
17.980 0.000 -0.303 -4.194 0.875 1.298
17.990 -0.004 -0.306 -4.201 0.864 1.351
18.000 -0.009 -0.308 -4.207 0.852 1.405
18.010 -0.014 -0.311 -4.214 0.840 1.458
18.020 -0.019 -0.313 -4.220 0.828 1.511
18.030 -0.023 -0.316 -4.226 0.815 1.562
18.040 -0.028 -0.318 -4.232 0.801 1.613
18.050 -0.033 -0.320 -4.238 0.788 1.664
18.060 -0.038 -0.322 -4.244 0.773 1.713
18.070 -0.042 -0.324 -4.249 0.759 1.761
18.080 -0.047 -0.326 -4.255 0.744 1.808
18.090 -0.052 -0.328 -4.260 0.729 1.853
18.100 -0.056 -0.330 -4.265 0.714 1.898
18.110 -0.061 -0.332 -4.270 0.698 1.941
18.120 -0.066 -0.333 -4.275 0.682 1.983
18.130 -0.070 -0.335 -4.280 0.666 2.023
18.140 -0.075 -0.336 -4.284 0.650 2.063
18.150 -0.079 -0.337 -4.288 0.634 2.100
18.160 -0.084 -0.338 -4.292 0.618 2.136
18.170 -0.088 -0.340 -4.296 0.601 2.171
18.180 -0.093 -0.341 -4.300 0.585 2.204
18.190 -0.097 -0.342 -4.303 0.569 2.235
18.200 -0.102 -0.342 -4.306 0.553 2.265
18.210 -0.106 -0.343 -4.309 0.538 2.293
18.220 -0.110 -0.344 -4.312 0.522 2.319
18.230 -0.115 -0.344 -4.315 0.507 2.344
18.240 -0.119 -0.345 -4.317 0.492 2.367
18.250 -0.123 -0.345 -4.319 0.478 2.388
18.260 -0.128 -0.345 -4.321 0.465 2.408
18.270 -0.132 -0.346 -4.323 0.452 2.426
18.280 -0.136 -0.346 -4.324 0.440 2.442
18.290 -0.140 -0.346 -4.326 0.429 2.456
18.300 -0.144 -0.346 -4.327 0.419 2.468
18.310 -0.148 -0.345 -4.328 0.410 2.479
18.320 -0.152 -0.345 -4.328 0.402 2.487
18.330 -0.156 -0.345 -4.329 0.396 2.494
18.340 -0.160 -0.344 -4.329 0.391 2.499
18.350 -0.164 -0.344 -4.329 0.387 2.502
18.360 -0.167 -0.343 -4.328 0.385 2.503
18.370 -0.171 -0.342 -4.328 0.384 2.502
18.380 -0.175 -0.341 -4.327 0.385 2.499
18.390 -0.178 -0.340 -4.326 0.388 2.494
18.400 -0.182 -0.339 -4.325 0.392 2.487
18.410 -0.185 -0.338 -4.324 0.397 2.477
18.420 -0.189 -0.337 -4.322 0.404 2.465
18.430 -0.192 -0.335 -4.320 0.411 2.452
18.440 -0.196 -0.334 -4.318 0.420 2.436
18.450 -0.199 -0.332 -4.316 0.430 2.418
18.460 -0.202 -0.331 -4.313 0.441 2.398
18.470 -0.205 -0.329 -4.311 0.453 2.376
18.480 -0.209 -0.327 -4.308 0.465 2.352
18.490 -0.212 -0.325 -4.305 0.478 2.327
18.500 -0.215 -0.323 -4.301 0.491 2.299
18.510 -0.218 -0.321 -4.298 0.505 2.269
18.520 -0.221 -0.319 -4.294 0.519 2.238
18.530 -0.223 -0.317 -4.290 0.533 2.205
18.540 -0.226 -0.315 -4.286 0.548 2.170
18.550 -0.229 -0.312 -4.282 0.563 2.134
18.560 -0.231 -0.310 -4.277 0.577 2.096
18.570 -0.234 -0.307 -4.272 0.592 2.057
18.580 -0.237 -0.304 -4.268 0.606 2.016
18.590 -0.239 -0.302 -4.263 0.621 1.974
18.600 -0.241 -0.299 -4.257 0.635 1.930
18.610 -0.244 -0.296 -4.252 0.649 1.886
18.620 -0.246 -0.293 -4.247 0.663 1.840
18.630 -0.248 -0.290 -4.241 0.676 1.793
18.640 -0.250 -0.287 -4.235 0.689 1.746
18.650 -0.252 -0.284 -4.229 0.702 1.697
18.660 -0.254 -0.280 -4.223 0.715 1.648
18.670 -0.256 -0.277 -4.217 0.727 1.599
18.680 -0.258 -0.273 -4.211 0.739 1.548
18.690 -0.260 -0.270 -4.205 0.750 1.498
18.700 -0.262 -0.266 -4.198 0.761 1.447
18.710 -0.263 -0.263 -4.191 0.771 1.397
18.720 -0.265 -0.259 -4.185 0.781 1.347
18.730 -0.266 -0.255 -4.178 0.790 1.297
18.740 -0.268 -0.251 -4.171 0.799 1.247
18.750 -0.269 -0.248 -4.164 0.808 1.199
18.760 -0.270 -0.244 -4.157 0.815 1.152
18.770 -0.272 -0.240 -4.150 0.823 1.106
18.780 -0.273 -0.236 -4.143 0.829 1.062
18.790 -0.274 -0.231 -4.136 0.836 1.020
18.800 -0.275 -0.227 -4.128 0.841 0.981
18.810 -0.276 -0.223 -4.121 0.846 0.944
18.820 -0.277 -0.219 -4.114 0.851 0.911
18.830 -0.277 -0.214 -4.107 0.855 0.882
18.840 -0.278 -0.210 -4.099 0.858 0.858
18.850 -0.279 -0.206 -4.092 0.861 0.838
18.860 -0.280 -0.201 -4.085 0.863 0.823
18.870 -0.280 -0.197 -4.077 0.864 0.813
18.880 -0.281 -0.192 -4.070 0.866 0.809
18.890 -0.281 -0.187 -4.063 0.866 0.811
18.900 -0.281 -0.183 -4.055 0.866 0.818
18.910 -0.282 -0.178 -4.048 0.865 0.830
18.920 -0.282 -0.173 -4.041 0.864 0.848
18.930 -0.282 -0.169 -4.034 0.862 0.869
18.940 -0.282 -0.164 -4.026 0.860 0.895
18.950 -0.282 -0.159 -4.019 0.857 0.925
18.960 -0.282 -0.154 -4.012 0.854 0.957
18.970 -0.282 -0.149 -4.005 0.850 0.993
18.980 -0.282 -0.144 -3.999 0.846 1.030
18.990 -0.281 -0.139 -3.992 0.841 1.069
19.000 -0.281 -0.134 -3.985 0.836 1.110
19.010 -0.281 -0.129 -3.978 0.831 1.152
19.020 -0.280 -0.124 -3.972 0.825 1.195
19.030 -0.280 -0.119 -3.965 0.818 1.238
19.040 -0.279 -0.114 -3.959 0.811 1.281
19.050 -0.279 -0.109 -3.953 0.804 1.325
19.060 -0.278 -0.104 -3.947 0.797 1.369
19.070 -0.277 -0.099 -3.941 0.789 1.412
19.080 -0.277 -0.094 -3.935 0.781 1.456
19.090 -0.276 -0.088 -3.929 0.772 1.498
19.100 -0.275 -0.083 -3.924 0.764 1.541
19.110 -0.274 -0.078 -3.919 0.755 1.582
19.120 -0.273 -0.073 -3.913 0.746 1.623
19.130 -0.272 -0.068 -3.908 0.737 1.663
19.140 -0.270 -0.062 -3.903 0.727 1.701
19.150 -0.269 -0.057 -3.899 0.718 1.739
19.160 -0.268 -0.052 -3.894 0.708 1.776
19.170 -0.267 -0.047 -3.890 0.699 1.811
19.180 -0.265 -0.041 -3.885 0.689 1.846
19.190 -0.264 -0.036 -3.881 0.680 1.879
19.200 -0.262 -0.031 -3.877 0.670 1.911
19.210 -0.261 -0.026 -3.874 0.661 1.941
19.220 -0.259 -0.020 -3.870 0.652 1.970
19.230 -0.258 -0.015 -3.867 0.643 1.998
19.240 -0.256 -0.010 -3.864 0.634 2.024
19.250 -0.254 -0.005 -3.861 0.626 2.048
19.260 -0.252 0.001 -3.858 0.618 2.071
19.270 -0.251 0.006 -3.856 0.611 2.093
19.280 -0.249 0.011 -3.853 0.604 2.113
19.290 -0.247 0.016 -3.851 0.597 2.131
19.300 -0.245 0.022 -3.849 0.591 2.148
19.310 -0.243 0.027 -3.848 0.585 2.163
19.320 -0.241 0.032 -3.846 0.581 2.176
19.330 -0.239 0.037 -3.845 0.576 2.188
19.340 -0.236 0.043 -3.844 0.573 2.198
19.350 -0.234 0.048 -3.843 0.570 2.206
19.360 -0.232 0.053 -3.843 0.568 2.213
19.370 -0.230 0.058 -3.842 0.566 2.218
19.380 -0.227 0.063 -3.842 0.566 2.221
19.390 -0.225 0.068 -3.842 0.566 2.222
19.400 -0.222 0.073 -3.842 0.566 2.222
19.410 -0.220 0.078 -3.843 0.568 2.220
19.420 -0.217 0.084 -3.843 0.570 2.215
19.430 -0.215 0.089 -3.844 0.574 2.209
19.440 -0.212 0.094 -3.846 0.577 2.201
19.450 -0.209 0.099 -3.847 0.582 2.190
19.460 -0.207 0.104 -3.848 0.587 2.178
19.470 -0.204 0.109 -3.850 0.593 2.163
19.480 -0.201 0.113 -3.852 0.599 2.147
19.490 -0.198 0.118 -3.854 0.606 2.129
19.500 -0.196 0.123 -3.857 0.613 2.109
19.510 -0.193 0.128 -3.859 0.621 2.086
19.520 -0.190 0.133 -3.862 0.629 2.063
19.530 -0.187 0.138 -3.865 0.637 2.037
19.540 -0.184 0.142 -3.868 0.646 2.009
19.550 -0.181 0.147 -3.872 0.655 1.980
19.560 -0.178 0.152 -3.875 0.664 1.949
19.570 -0.174 0.156 -3.879 0.673 1.917
19.580 -0.171 0.161 -3.883 0.683 1.882
19.590 -0.168 0.166 -3.887 0.692 1.847
19.600 -0.165 0.170 -3.891 0.702 1.810
19.610 -0.162 0.175 -3.896 0.711 1.771
19.620 -0.158 0.179 -3.900 0.721 1.731
19.630 -0.155 0.184 -3.905 0.730 1.690
19.640 -0.152 0.188 -3.910 0.739 1.648
19.650 -0.148 0.192 -3.915 0.748 1.605
19.660 -0.145 0.196 -3.920 0.757 1.560
19.670 -0.142 0.201 -3.926 0.766 1.515
19.680 -0.138 0.205 -3.931 0.774 1.469
19.690 -0.135 0.209 -3.937 0.783 1.422
19.700 -0.131 0.213 -3.943 0.790 1.375
19.710 -0.128 0.217 -3.949 0.798 1.327
19.720 -0.124 0.221 -3.955 0.805 1.280
19.730 -0.120 0.225 -3.961 0.812 1.232
19.740 -0.117 0.229 -3.967 0.818 1.184
19.750 -0.113 0.233 -3.973 0.824 1.136
19.760 -0.109 0.237 -3.980 0.830 1.089
19.770 -0.106 0.240 -3.986 0.835 1.043
19.780 -0.102 0.244 -3.993 0.840 0.997
19.790 -0.098 0.248 -3.999 0.844 0.953
19.800 -0.095 0.251 -4.006 0.847 0.911
19.810 -0.091 0.255 -4.013 0.851 0.871
19.820 -0.087 0.258 -4.020 0.853 0.834
19.830 -0.083 0.262 -4.027 0.856 0.800
19.840 -0.079 0.265 -4.034 0.857 0.770
19.850 -0.076 0.268 -4.041 0.858 0.744
19.860 -0.072 0.271 -4.048 0.859 0.722
19.870 -0.068 0.275 -4.055 0.859 0.706
19.880 -0.064 0.278 -4.062 0.859 0.696
19.890 -0.060 0.281 -4.069 0.858 0.692
19.900 -0.056 0.284 -4.076 0.856 0.694
19.910 -0.052 0.286 -4.083 0.854 0.702
19.920 -0.048 0.289 -4.090 0.851 0.715
19.930 -0.044 0.292 -4.097 0.848 0.734
19.940 -0.041 0.295 -4.104 0.844 0.758
19.950 -0.037 0.297 -4.111 0.840 0.787
19.960 -0.033 0.300 -4.118 0.835 0.819
19.970 -0.029 0.302 -4.124 0.830 0.854
19.980 -0.025 0.304 -4.131 0.824 0.892
19.990 -0.021 0.307 -4.138 0.818 0.933
20.000 -0.017 0.309 -4.145 0.811 0.975
last time above 20 was 15.9
